Length of x: 100
Total elements: 10000
At time: 1.5830009942874312e-06  CPU usage: [58.6, 42.4, 31.0, 18.2, 9.0, 5.0, 10.9, 9.0, 2.0, 4.0]
At time: 1.0056700829991314  CPU usage: [69.3, 50.5, 40.4, 29.7, 19.0, 12.9, 6.0, 5.9, 2.0, 2.0]
At time: 2.0098126250013593  CPU usage: [67.7, 57.0, 45.0, 33.3, 26.0, 18.2, 12.9, 10.0, 6.0, 4.0]
At time: 3.0142766249991837  CPU usage: [65.7, 51.5, 42.4, 30.0, 19.0, 12.9, 8.1, 4.0, 3.0, 3.0]
At time: 4.0153732920007315  CPU usage: [68.7, 50.5, 38.8, 28.3, 18.0, 10.1, 5.9, 0.0, 0.0, 0.0]
At time: 5.017296792000707  CPU usage: [68.7, 54.5, 40.4, 29.0, 19.2, 13.0, 5.1, 7.9, 1.0, 1.0]
At time: 6.021498166999663  CPU usage: [68.0, 49.0, 38.0, 28.3, 18.0, 11.0, 7.8, 10.0, 3.0, 3.0]
At time: 7.0263395000001765  CPU usage: [66.7, 53.5, 38.0, 30.0, 19.0, 11.9, 3.0, 1.0, 0.0, 0.0]
At time: 8.030872499999532  CPU usage: [69.3, 53.1, 44.4, 34.3, 24.0, 16.0, 6.9, 5.0, 2.9, 1.0]
At time: 9.035648375000164  CPU usage: [68.7, 56.4, 44.0, 31.7, 21.0, 15.8, 3.0, 1.0, 1.0, 0.0]
At time: 10.041161749999446  CPU usage: [69.7, 55.0, 41.0, 29.0, 19.0, 14.1, 1.0, 0.0, 0.0, 0.0]
At time: 11.045945666999614  CPU usage: [69.0, 51.0, 39.8, 26.5, 19.0, 13.0, 2.0, 0.0, 0.0, 0.0]
At time: 12.047475250001298  CPU usage: [65.0, 53.5, 39.0, 28.7, 19.8, 13.0, 1.0, 0.0, 0.0, 0.0]
At time: 13.052846124999633  CPU usage: [66.7, 53.0, 40.4, 27.3, 18.2, 12.0, 3.0, 3.0, 1.0, 2.0]
At time: 14.053413249999721  CPU usage: [68.7, 54.5, 42.4, 34.0, 25.0, 14.0, 4.0, 4.0, 2.0, 0.0]
At time: 15.058773917000508  CPU usage: [69.0, 52.0, 42.0, 31.0, 19.2, 12.0, 6.9, 2.0, 2.0, 2.0]
At time: 16.064245417001075  CPU usage: [65.7, 53.5, 38.4, 28.0, 16.8, 11.0, 2.0, 1.0, 0.0, 0.0]
At time: 17.069940417000907  CPU usage: [67.7, 53.5, 43.0, 31.3, 21.0, 14.9, 6.0, 2.0, 5.0, 2.0]
At time: 18.071266792001552  CPU usage: [68.0, 53.5, 43.4, 32.0, 21.2, 18.0, 16.8, 9.9, 8.0, 9.1]
At time: 19.075172500000917  CPU usage: [69.0, 57.0, 46.5, 36.4, 27.7, 18.2, 12.1, 13.0, 10.9, 8.8]
At time: 20.07944929199948  CPU usage: [65.7, 50.5, 37.0, 27.7, 15.2, 8.9, 8.9, 3.0, 2.0, 1.0]
At time: 21.084802500001388  CPU usage: [65.7, 52.5, 41.4, 29.3, 19.0, 12.1, 1.0, 1.0, 0.0, 1.0]
At time: 22.08527329199933  CPU usage: [64.0, 48.0, 40.4, 26.0, 18.0, 11.1, 2.0, 0.0, 0.0, 0.0]
At time: 23.088588582999364  CPU usage: [66.0, 45.9, 36.0, 22.2, 14.0, 7.0, 1.0, 0.0, 0.0, 0.0]
At time: 24.094355542001722  CPU usage: [61.2, 47.5, 39.0, 24.0, 15.0, 8.9, 0.0, 0.0, 0.0, 0.0]
At time: 25.096480500000325  CPU usage: [66.0, 46.0, 35.4, 24.0, 14.0, 7.1, 2.0, 0.0, 0.0, 0.0]
At time: 26.10203349999938  CPU usage: [68.7, 49.5, 39.4, 28.3, 18.2, 12.9, 1.0, 2.0, 1.0, 0.0]
At time: 27.103853374999744  CPU usage: [66.0, 50.0, 39.0, 29.0, 17.0, 12.0, 3.0, 0.0, 0.0, 0.0]
At time: 28.109213708001334  CPU usage: [65.7, 52.5, 41.4, 34.0, 21.0, 13.9, 6.0, 7.9, 4.0, 2.0]
At time: 29.11468945800152  CPU usage: [70.3, 53.5, 42.0, 33.3, 22.0, 14.1, 2.0, 1.0, 0.0, 1.0]
At time: 30.116601749999973  CPU usage: [69.4, 60.6, 46.5, 35.0, 27.3, 19.8, 4.0, 3.0, 0.0, 1.0]
At time: 31.120955499998672  CPU usage: [69.0, 58.6, 46.0, 34.0, 28.0, 22.0, 6.0, 4.0, 2.0, 1.0]
At time: 32.12637183300103  CPU usage: [65.7, 54.0, 39.4, 29.3, 19.0, 12.0, 5.0, 5.9, 2.0, 2.0]
At time: 33.12853529199856  CPU usage: [67.7, 53.5, 45.0, 31.0, 25.0, 18.2, 10.9, 6.1, 6.0, 6.1]
At time: 34.13128349999897  CPU usage: [65.0, 53.0, 38.0, 30.0, 19.2, 13.9, 7.9, 2.0, 1.0, 2.0]
At time: 35.1368553329994  CPU usage: [64.6, 51.5, 38.4, 28.3, 20.8, 16.0, 6.0, 1.0, 0.0, 0.0]
At time: 36.14230379199944  CPU usage: [69.0, 55.0, 44.4, 31.3, 23.0, 15.2, 12.0, 6.0, 4.0, 5.0]
At time: 37.1459600829985  CPU usage: [67.0, 56.1, 43.0, 31.6, 22.2, 15.0, 3.0, 4.0, 2.0, 2.0]
At time: 38.15008300000045  CPU usage: [68.0, 63.0, 44.4, 37.0, 26.7, 17.8, 3.0, 1.0, 1.0, 0.0]
At time: 39.15588516700154  CPU usage: [69.4, 54.0, 42.0, 29.7, 20.2, 13.0, 2.0, 0.0, 0.0, 0.0]
At time: 40.160042457999225  CPU usage: [62.0, 48.0, 36.4, 24.2, 15.0, 11.0, 2.0, 0.0, 0.0, 0.0]
At time: 41.16544320799949  CPU usage: [62.0, 49.0, 37.6, 21.0, 14.9, 10.9, 1.0, 0.0, 0.0, 0.0]
At time: 42.17116475000148  CPU usage: [63.6, 49.0, 35.4, 24.0, 16.0, 8.0, 2.9, 0.0, 0.0, 0.0]
At time: 43.176892874998885  CPU usage: [61.6, 50.0, 36.4, 23.0, 16.0, 9.9, 4.0, 0.0, 0.0, 0.0]
At time: 44.18242454199935  CPU usage: [65.7, 49.5, 35.4, 27.0, 19.0, 11.1, 7.1, 3.0, 2.0, 2.0]
At time: 45.18693183299911  CPU usage: [66.0, 56.0, 44.6, 33.3, 21.2, 14.9, 6.9, 1.0, 1.0, 0.0]
At time: 46.19066266699883  CPU usage: [66.3, 48.0, 38.8, 25.3, 17.0, 11.0, 6.0, 1.0, 1.0, 0.0]
At time: 47.19154429199989  CPU usage: [65.0, 51.0, 36.0, 26.0, 16.0, 9.0, 6.0, 0.0, 0.0, 0.0]
At time: 48.19713129199954  CPU usage: [63.0, 48.5, 36.4, 23.2, 14.9, 11.1, 6.0, 0.0, 0.0, 0.0]
At time: 49.20271291700192  CPU usage: [65.7, 50.0, 37.6, 26.0, 18.0, 8.9, 3.0, 0.0, 0.0, 0.0]
At time: 50.207587625001906  CPU usage: [67.0, 46.5, 35.7, 24.0, 16.2, 10.0, 2.0, 0.0, 0.0, 0.0]
At time: 51.21117508300085  CPU usage: [63.6, 46.5, 36.4, 26.3, 16.2, 10.1, 0.0, 0.0, 0.0, 0.0]
At time: 52.21291987500081  CPU usage: [64.6, 50.5, 38.4, 25.3, 16.8, 10.9, 1.0, 0.0, 0.0, 0.0]
At time: 53.21667479200187  CPU usage: [62.0, 47.0, 36.0, 24.0, 15.0, 8.9, 6.0, 2.0, 0.0, 0.0]
At time: 54.22140420800133  CPU usage: [60.6, 47.5, 34.3, 25.0, 13.1, 8.1, 8.0, 0.0, 0.0, 0.0]
At time: 55.226273542000854  CPU usage: [62.0, 44.4, 31.3, 21.2, 15.8, 9.0, 5.0, 0.0, 0.0, 0.0]
At time: 56.23212054200121  CPU usage: [59.0, 41.0, 29.0, 17.0, 8.0, 6.0, 7.9, 0.0, 0.0, 0.0]
At time: 57.23803583300105  CPU usage: [61.0, 45.0, 31.0, 19.0, 10.1, 5.9, 6.9, 0.0, 0.0, 0.0]
At time: 58.243789500000275  CPU usage: [58.6, 39.4, 28.0, 18.6, 9.0, 5.0, 7.0, 0.0, 1.0, 0.0]
At time: 59.24947225000142  CPU usage: [60.6, 44.4, 31.3, 18.2, 13.9, 6.9, 7.0, 0.0, 0.0, 0.0]
At time: 60.25512620800146  CPU usage: [62.6, 43.0, 31.7, 21.0, 11.0, 6.1, 6.0, 0.0, 0.0, 0.0]
At time: 61.260530250001466  CPU usage: [58.2, 44.4, 28.6, 19.0, 11.0, 5.0, 8.0, 1.0, 0.0, 0.0]
At time: 62.262377792001644  CPU usage: [59.0, 45.5, 31.7, 19.0, 13.0, 6.9, 1.0, 0.0, 0.0, 0.0]
At time: 63.26680587499868  CPU usage: [60.6, 43.0, 32.0, 22.0, 11.0, 6.9, 2.0, 0.0, 0.0, 0.0]
At time: 64.27225270800045  CPU usage: [64.0, 51.5, 36.7, 27.3, 18.0, 17.2, 41.6, 29.0, 19.8, 10.9]
At time: 65.27431316699949  CPU usage: [66.0, 52.0, 40.4, 33.0, 20.0, 12.0, 7.0, 1.0, 1.0, 0.0]
At time: 66.28010241700031  CPU usage: [61.6, 45.5, 34.7, 22.0, 12.0, 11.0, 11.9, 5.9, 7.0, 4.0]
At time: 67.28311400000166  CPU usage: [61.6, 42.9, 30.3, 20.0, 12.0, 6.0, 12.1, 10.9, 6.9, 7.0]
At time: 68.2846141250011  CPU usage: [57.6, 43.0, 32.3, 22.0, 14.0, 6.0, 4.0, 0.0, 0.0, 0.0]
At time: 69.29034683300051  CPU usage: [62.6, 44.4, 33.3, 20.0, 13.0, 6.0, 3.0, 1.0, 1.0, 1.0]
At time: 70.29594004200044  CPU usage: [55.6, 39.4, 33.3, 17.2, 10.1, 7.9, 27.0, 74.3, 14.1, 23.8]
At time: 71.29662545799874  CPU usage: [66.7, 53.0, 43.0, 33.0, 27.0, 25.3, 8.0, 4.0, 3.0, 16.2]
At time: 72.30093204199875  CPU usage: [62.6, 42.4, 32.7, 21.0, 11.9, 9.9, 20.8, 28.7, 13.0, 4.0]
At time: 73.30643687499833  CPU usage: [59.6, 41.0, 30.3, 17.0, 12.0, 5.9, 4.0, 0.0, 0.0, 0.0]
At time: 74.31229099999837  CPU usage: [59.0, 41.4, 29.3, 17.0, 10.0, 8.0, 3.0, 0.0, 0.0, 0.0]
At time: 75.31822154199835  CPU usage: [60.6, 43.0, 30.7, 18.8, 10.0, 4.0, 3.0, 0.0, 0.0, 0.0]
At time: 76.32347783300065  CPU usage: [66.0, 46.5, 39.4, 25.5, 20.0, 11.9, 5.0, 0.0, 0.0, 0.0]
At time: 77.32775366699934  CPU usage: [70.0, 54.0, 44.0, 33.7, 22.2, 16.2, 6.9, 6.0, 5.9, 3.0]
At time: 78.33320254199862  CPU usage: [63.6, 53.5, 40.4, 31.0, 22.0, 16.7, 19.0, 18.0, 14.0, 13.9]
At time: 79.33885920800094  CPU usage: [64.6, 52.5, 39.0, 29.3, 19.0, 12.0, 14.0, 18.0, 17.0, 15.0]
At time: 80.34297674999834  CPU usage: [68.7, 52.0, 39.4, 28.0, 20.8, 10.1, 6.0, 6.0, 4.0, 7.0]
At time: 81.34662633300104  CPU usage: [67.0, 51.0, 39.0, 28.0, 21.2, 13.0, 2.0, 0.0, 0.0, 0.0]
At time: 82.3502813749983  CPU usage: [69.7, 55.0, 45.5, 33.3, 22.0, 17.0, 4.0, 3.0, 1.0, 1.0]
At time: 83.35476766699867  CPU usage: [67.7, 51.5, 42.4, 30.0, 24.0, 14.1, 6.9, 2.0, 0.0, 0.0]
At time: 84.35732370800179  CPU usage: [66.3, 52.0, 40.0, 29.3, 19.0, 12.0, 6.0, 0.0, 0.0, 0.0]
At time: 85.36290779200135  CPU usage: [68.4, 48.0, 39.0, 24.8, 17.0, 11.0, 5.0, 0.0, 0.0, 0.0]
At time: 86.36858591700002  CPU usage: [64.0, 46.5, 33.3, 24.2, 16.0, 10.0, 3.0, 0.0, 0.0, 0.0]
At time: 87.36991712500094  CPU usage: [63.6, 47.4, 34.3, 24.2, 15.0, 10.0, 1.0, 0.0, 0.0, 0.0]
At time: 88.37384683300115  CPU usage: [64.6, 49.5, 36.0, 24.2, 15.2, 12.0, 1.0, 0.0, 0.0, 0.0]
At time: 89.37975054200069  CPU usage: [65.7, 46.0, 35.4, 24.0, 14.9, 9.0, 2.0, 0.0, 0.0, 0.0]
At time: 90.3841941669998  CPU usage: [61.6, 46.9, 34.3, 28.3, 17.0, 10.0, 1.0, 0.0, 0.0, 0.0]
At time: 91.38552362499831  CPU usage: [69.3, 57.0, 47.0, 39.0, 29.0, 27.0, 5.0, 5.0, 3.0, 1.0]
At time: 92.39119862499865  CPU usage: [70.4, 58.6, 49.5, 40.0, 29.0, 20.0, 10.9, 13.0, 9.9, 9.9]
At time: 93.39668687499943  CPU usage: [68.3, 49.5, 40.4, 31.3, 18.4, 12.0, 2.0, 1.0, 1.0, 0.0]
At time: 94.40217795799981  CPU usage: [68.4, 53.1, 42.4, 32.7, 25.7, 18.2, 4.0, 5.9, 4.0, 3.0]
At time: 95.40352566699949  CPU usage: [66.0, 54.0, 41.4, 29.6, 22.0, 18.8, 4.0, 7.1, 3.0, 2.0]
At time: 96.40765187500074  CPU usage: [66.7, 49.0, 37.0, 26.7, 17.0, 12.0, 4.0, 1.0, 0.0, 1.0]
At time: 97.41367862500192  CPU usage: [66.0, 46.9, 37.4, 27.6, 20.2, 14.0, 1.0, 0.0, 0.0, 0.0]
At time: 98.41635845800192  CPU usage: [72.7, 57.6, 47.0, 38.0, 28.0, 20.0, 10.9, 13.0, 11.1, 8.1]
At time: 99.41799783299939  CPU usage: [67.7, 52.0, 42.4, 32.0, 22.2, 14.1, 8.0, 5.1, 3.0, 5.0]
At time: 100.42065920800087  CPU usage: [65.3, 51.5, 39.4, 26.3, 18.0, 14.9, 8.9, 16.8, 8.0, 5.9]
At time: 101.42599137499928  CPU usage: [66.3, 53.5, 40.0, 30.0, 21.0, 15.0, 7.0, 8.9, 5.9, 1.0]
At time: 102.42857949999961  CPU usage: [68.0, 53.5, 40.4, 29.0, 18.0, 11.0, 5.0, 2.0, 3.0, 2.9]
At time: 103.43429354199907  CPU usage: [66.7, 48.5, 36.4, 25.0, 17.0, 10.0, 1.0, 0.0, 0.0, 0.0]
At time: 104.4392682079997  CPU usage: [68.3, 54.1, 44.0, 35.0, 24.2, 19.0, 9.1, 8.0, 7.9, 6.1]
At time: 105.4422048330016  CPU usage: [65.7, 58.0, 47.5, 39.4, 33.0, 27.7, 20.0, 6.0, 9.0, 0.0]
At time: 106.44656133299941  CPU usage: [60.6, 48.0, 32.0, 23.8, 14.9, 8.0, 3.0, 1.0, 0.0, 0.0]
At time: 107.45200174999991  CPU usage: [61.0, 43.4, 35.0, 24.2, 13.0, 8.0, 1.0, 0.0, 0.0, 0.0]
At time: 108.45678775000124  CPU usage: [62.6, 48.5, 40.4, 26.7, 19.0, 13.0, 3.0, 1.0, 0.0, 0.0]
At time: 109.45869237499937  CPU usage: [60.6, 46.0, 36.4, 23.2, 14.0, 9.0, 1.0, 0.0, 0.0, 0.0]
At time: 110.46314600000187  CPU usage: [64.4, 53.0, 43.6, 34.0, 20.0, 15.0, 5.0, 0.0, 1.0, 0.0]
At time: 111.46894229200188  CPU usage: [60.6, 46.5, 39.0, 25.0, 17.0, 8.9, 3.0, 2.0, 0.0, 0.0]
At time: 112.47401154199906  CPU usage: [61.0, 41.6, 35.4, 22.0, 13.0, 5.9, 4.0, 0.0, 0.0, 0.0]
At time: 113.47987879200082  CPU usage: [61.6, 47.5, 36.0, 26.0, 14.9, 11.0, 1.0, 0.0, 0.0, 0.0]
At time: 114.48587429200052  CPU usage: [63.0, 43.4, 36.0, 23.0, 12.0, 6.0, 2.0, 1.0, 0.0, 0.0]
At time: 115.49067800000194  CPU usage: [63.6, 50.0, 37.0, 25.0, 15.2, 8.9, 3.0, 2.0, 0.0, 0.0]
At time: 116.49440120800136  CPU usage: [61.4, 47.0, 32.3, 20.2, 12.9, 7.0, 2.0, 0.0, 0.0, 0.0]
At time: 117.50001083299867  CPU usage: [62.6, 41.8, 33.3, 23.0, 13.0, 7.0, 4.0, 0.0, 0.0, 0.0]
At time: 118.50582900000154  CPU usage: [63.0, 44.6, 34.7, 22.2, 14.0, 7.9, 3.0, 0.0, 1.0, 0.0]
At time: 119.51041754199832  CPU usage: [64.6, 52.5, 42.4, 34.0, 27.0, 20.4, 27.0, 22.0, 11.0, 6.0]
At time: 120.51114850000158  CPU usage: [57.6, 42.4, 31.0, 21.0, 12.0, 7.0, 10.0, 0.0, 0.0, 0.0]
At time: 121.51676824999959  CPU usage: [59.0, 45.0, 33.0, 24.0, 13.0, 6.0, 8.9, 4.0, 3.0, 0.0]
At time: 122.52219479199994  CPU usage: [63.6, 44.9, 35.4, 24.0, 18.2, 9.9, 9.0, 14.0, 7.1, 3.0]
At time: 123.52302849999978  CPU usage: [63.0, 48.0, 38.4, 22.2, 18.8, 8.1, 7.1, 10.0, 5.0, 2.0]
At time: 124.52588966699841  CPU usage: [61.6, 47.0, 34.0, 23.8, 16.0, 9.0, 16.8, 13.0, 12.9, 11.1]
At time: 125.5312832080017  CPU usage: [69.0, 56.6, 48.0, 38.4, 31.7, 22.8, 49.5, 27.5, 27.7, 10.8]
At time: 126.54159512499973  CPU usage: [69.7, 53.0, 40.8, 32.0, 24.0, 16.0, 34.0, 26.0, 25.3, 3.0]
At time: 127.54462420799973  CPU usage: [60.6, 43.0, 35.3, 21.0, 13.0, 7.9, 7.9, 28.0, 11.0, 9.9]
At time: 128.55002045799847  CPU usage: [61.0, 45.5, 33.3, 19.0, 13.0, 8.0, 1.0, 9.1, 2.9, 3.0]
At time: 129.55461274999834  CPU usage: [63.0, 46.5, 32.0, 22.0, 13.0, 7.9, 2.9, 4.0, 1.0, 1.0]
At time: 130.55975783300164  CPU usage: [67.0, 60.0, 45.0, 36.0, 28.0, 23.2, 9.0, 13.9, 5.9, 4.0]
At time: 131.5651228329989  CPU usage: [70.7, 64.0, 53.1, 48.0, 38.0, 33.7, 24.0, 41.8, 21.8, 15.0]
At time: 132.56656250000015  CPU usage: [36.4, 30.3, 17.8, 9.9, 6.0, 2.0, 29.0, 52.0, 1.0, 18.8]
At time: 133.5701619169995  CPU usage: [38.4, 30.0, 19.0, 12.1, 11.0, 6.0, 14.0, 16.2, 11.0, 8.9]
At time: 134.57499024999925  CPU usage: [32.0, 21.2, 15.2, 12.9, 7.9, 7.0, 4.0, 5.9, 3.0, 1.0]
At time: 135.57903174999956  CPU usage: [31.0, 25.7, 19.0, 17.0, 14.1, 12.9, 5.9, 6.0, 6.9, 5.9]
At time: 136.5845108329995  CPU usage: [14.0, 10.1, 8.8, 2.0, 2.0, 1.0, 4.0, 8.9, 3.0, 7.1]
At time: 137.59013241700086  CPU usage: [12.9, 11.0, 3.0, 1.0, 0.0, 0.0, 4.0, 4.0, 7.9, 3.9]
At time: 138.5955491249988  CPU usage: [11.1, 7.9, 4.0, 3.0, 0.0, 0.0, 1.0, 1.0, 0.0, 0.0]
At time: 139.60121379200064  CPU usage: [12.0, 10.0, 5.9, 3.0, 2.0, 2.0, 0.0, 0.0, 0.0, 0.0]
At time: 140.60213037499852  CPU usage: [6.0, 3.0, 2.0, 0.0, 0.0, 0.0, 0.0, 0.0, 0.0, 0.0]
At time: 141.6077539580001  CPU usage: [10.0, 5.0, 2.0, 1.0, 0.0, 0.0, 0.0, 0.0, 0.0, 0.0]
At time: 142.6121887920017  CPU usage: [6.0, 3.0, 2.0, 1.0, 0.0, 0.0, 0.0, 1.0, 0.0, 0.0]
At time: 143.61784691700086  CPU usage: [5.9, 3.0, 2.0, 0.0, 0.0, 0.0, 0.0, 0.0, 0.0, 0.0]
At time: 144.6235470419997  CPU usage: [4.0, 4.0, 0.0, 1.0, 0.0, 0.0, 1.0, 0.0, 0.0, 0.0]
At time: 145.62887587500154  CPU usage: [5.0, 1.0, 2.0, 0.0, 0.0, 0.0, 0.0, 1.0, 0.0, 0.0]
At time: 146.63452854199932  CPU usage: [3.0, 4.0, 1.0, 1.0, 0.0, 0.0, 0.0, 1.0, 0.0, 0.0]
At time: 147.6402326669995  CPU usage: [5.0, 4.0, 2.0, 0.0, 0.0, 0.0, 0.0, 0.0, 0.0, 0.0]
At time: 148.64556354199885  CPU usage: [6.1, 4.0, 2.0, 1.0, 2.0, 0.0, 0.0, 0.0, 0.0, 0.0]
At time: 149.6512013749998  CPU usage: [4.0, 3.0, 1.0, 1.0, 0.0, 0.0, 1.0, 0.0, 0.0, 0.0]
At time: 150.6569160830004  CPU usage: [4.0, 3.0, 2.0, 0.0, 0.0, 0.0, 0.0, 1.0, 1.0, 0.0]
At time: 151.6625978330012  CPU usage: [9.0, 5.0, 4.0, 2.0, 0.0, 2.0, 3.0, 3.0, 1.0, 0.0]
At time: 152.66824816699955  CPU usage: [5.0, 4.0, 2.0, 0.0, 0.0, 0.0, 0.0, 1.0, 0.0, 0.0]
At time: 153.6739321669993  CPU usage: [6.0, 3.0, 0.0, 1.0, 2.0, 0.0, 0.0, 0.0, 0.0, 0.0]
At time: 154.67891891700128  CPU usage: [8.0, 5.1, 4.0, 1.0, 2.0, 1.0, 6.9, 7.1, 4.9, 2.0]
At time: 155.68211941700065  CPU usage: [5.0, 2.0, 2.0, 1.0, 0.0, 0.0, 2.0, 6.9, 2.0, 3.9]
At time: 156.68770112499988  CPU usage: [7.9, 5.0, 1.0, 1.0, 0.0, 0.0, 1.0, 1.0, 0.0, 0.0]
At time: 157.69342708299882  CPU usage: [6.0, 6.0, 7.0, 1.0, 1.0, 0.0, 0.0, 0.0, 0.0, 0.0]
At time: 158.69907191699895  CPU usage: [5.0, 3.0, 1.0, 0.0, 0.0, 0.0, 0.0, 0.0, 0.0, 0.0]
At time: 159.70468370800154  CPU usage: [4.0, 5.0, 1.0, 1.0, 0.0, 0.0, 0.0, 1.0, 0.0, 0.0]
At time: 160.70618970799842  CPU usage: [3.0, 3.0, 1.0, 0.0, 0.0, 0.0, 0.0, 0.0, 1.0, 0.0]
At time: 161.71174383299876  CPU usage: [3.0, 2.0, 1.0, 1.0, 1.0, 0.0, 0.0, 1.0, 0.0, 0.0]
At time: 162.7173337919994  CPU usage: [5.0, 1.0, 1.0, 1.0, 0.0, 1.0, 0.0, 0.0, 0.0, 0.0]
At time: 163.71861033299865  CPU usage: [5.1, 5.0, 2.9, 0.0, 0.0, 0.0, 1.0, 0.0, 0.0, 0.0]
At time: 164.72421054200095  CPU usage: [4.9, 5.0, 2.0, 1.0, 0.0, 0.0, 0.0, 1.0, 0.0, 0.0]
At time: 165.7299420829986  CPU usage: [3.0, 2.0, 1.0, 0.0, 0.0, 0.0, 0.0, 0.0, 0.0, 0.0]
At time: 166.73557900000014  CPU usage: [3.0, 3.0, 1.0, 1.0, 0.0, 0.0, 0.0, 0.0, 0.0, 0.0]
At time: 167.7412655420012  CPU usage: [6.9, 3.0, 2.0, 0.0, 0.0, 0.0, 0.0, 0.0, 0.0, 0.0]
At time: 168.7469592919988  CPU usage: [5.1, 3.0, 2.0, 1.0, 0.0, 0.0, 1.0, 1.0, 1.0, 0.0]
At time: 169.75260679200073  CPU usage: [13.0, 10.1, 3.0, 2.0, 0.0, 1.0, 4.0, 6.9, 1.0, 2.0]
At time: 170.75355987500006  CPU usage: [9.0, 9.0, 3.0, 1.0, 2.0, 0.0, 4.0, 3.0, 5.0, 2.0]
At time: 171.7569851670014  CPU usage: [16.0, 16.0, 10.9, 5.9, 2.0, 1.0, 9.9, 9.1, 9.0, 12.9]
At time: 172.7627094169984  CPU usage: [14.0, 14.0, 6.0, 2.0, 1.0, 1.0, 6.0, 5.9, 6.9, 3.0]
At time: 173.76839291700162  CPU usage: [7.0, 6.9, 2.0, 0.0, 0.0, 1.0, 0.0, 1.0, 0.0, 0.0]
At time: 174.77405637500124  CPU usage: [10.0, 8.0, 2.0, 2.0, 1.0, 0.0, 1.0, 2.0, 1.0, 1.0]
At time: 175.77896195799985  CPU usage: [14.0, 10.0, 5.0, 1.0, 1.0, 0.0, 5.9, 4.0, 6.0, 3.0]
At time: 176.78465249999863  CPU usage: [21.0, 16.0, 7.0, 5.0, 3.0, 2.0, 11.0, 11.0, 11.9, 9.9]
At time: 177.79029445800188  CPU usage: [14.9, 11.0, 4.0, 4.0, 1.0, 0.0, 0.0, 0.0, 0.0, 0.0]
At time: 178.79475012500188  CPU usage: [16.2, 15.0, 8.0, 5.0, 5.0, 3.0, 1.0, 3.0, 0.0, 0.0]
At time: 179.8004697920005  CPU usage: [6.9, 5.9, 1.0, 0.0, 0.0, 0.0, 0.0, 0.0, 2.0, 0.0]
At time: 180.806056292  CPU usage: [7.0, 5.0, 4.0, 0.0, 0.0, 1.0, 0.0, 0.0, 0.0, 0.0]
At time: 181.81160295800146  CPU usage: [19.0, 13.1, 5.1, 3.0, 1.0, 0.0, 6.9, 5.0, 1.0, 1.0]
At time: 182.81701316700128  CPU usage: [8.1, 6.9, 2.0, 1.0, 0.0, 0.0, 0.0, 0.0, 0.0, 0.0]
At time: 183.8226351250014  CPU usage: [10.9, 6.1, 3.0, 2.0, 0.0, 0.0, 3.0, 2.0, 4.9, 2.0]
At time: 184.82828616700135  CPU usage: [7.0, 7.9, 4.0, 3.0, 1.0, 1.0, 5.9, 5.9, 3.0, 1.0]
At time: 185.8337258749998  CPU usage: [5.0, 3.0, 1.0, 0.0, 0.0, 0.0, 1.0, 2.0, 1.0, 2.0]
At time: 186.83935874999952  CPU usage: [2.0, 2.0, 1.0, 0.0, 0.0, 0.0, 0.0, 0.0, 0.0, 0.0]
At time: 187.84499695799968  CPU usage: [2.0, 2.0, 1.0, 1.0, 1.0, 0.0, 0.0, 0.0, 0.0, 0.0]
At time: 188.85069016700072  CPU usage: [2.0, 2.0, 0.0, 1.0, 0.0, 0.0, 0.0, 1.0, 0.0, 0.0]
At time: 189.85634179200133  CPU usage: [3.0, 2.0, 1.0, 0.0, 0.0, 1.0, 0.0, 0.0, 0.0, 0.0]
At time: 190.86194287499893  CPU usage: [2.0, 3.0, 1.0, 0.0, 0.0, 0.0, 0.0, 0.0, 0.0, 0.0]
At time: 191.86756075000085  CPU usage: [1.0, 3.0, 1.0, 0.0, 0.0, 0.0, 0.0, 0.0, 0.0, 0.0]
At time: 192.86871716699898  CPU usage: [3.0, 3.0, 0.0, 2.0, 0.0, 0.0, 0.0, 0.0, 0.0, 0.0]
At time: 193.87442608299898  CPU usage: [5.0, 3.0, 2.0, 0.0, 0.0, 0.0, 0.0, 1.0, 0.0, 0.0]
At time: 194.88008320800145  CPU usage: [12.9, 10.9, 2.0, 2.0, 1.0, 0.0, 0.0, 0.0, 0.0, 0.0]
At time: 195.88579191700046  CPU usage: [2.0, 1.0, 2.0, 1.0, 0.0, 0.0, 0.0, 0.0, 0.0, 0.0]
At time: 196.89141683300113  CPU usage: [3.0, 2.0, 0.0, 0.0, 0.0, 0.0, 0.0, 0.0, 0.0, 0.0]
At time: 197.89703570799975  CPU usage: [3.0, 2.0, 0.0, 1.0, 0.0, 0.0, 0.0, 0.0, 0.0, 0.0]
At time: 198.90267237499938  CPU usage: [4.0, 3.0, 2.0, 2.0, 0.0, 0.0, 0.0, 0.0, 0.0, 0.0]
At time: 199.90392162499847  CPU usage: [12.1, 9.9, 4.0, 3.0, 2.0, 0.0, 0.0, 0.0, 1.0, 0.0]
At time: 200.90955525000027  CPU usage: [3.0, 2.0, 1.0, 0.0, 0.0, 0.0, 0.0, 0.0, 0.0, 0.0]
At time: 201.91133999999875  CPU usage: [4.0, 8.0, 2.0, 2.0, 0.0, 0.0, 0.0, 0.0, 0.0, 0.0]
At time: 202.91231195799992  CPU usage: [13.1, 13.0, 6.1, 4.0, 3.0, 5.0, 8.0, 10.0, 7.0, 4.0]
At time: 203.91325945800054  CPU usage: [20.0, 13.1, 7.0, 4.0, 2.9, 0.0, 0.0, 0.0, 0.0, 0.0]
At time: 204.91891533300077  CPU usage: [14.0, 15.0, 7.0, 3.0, 2.0, 1.0, 1.0, 4.0, 1.0, 1.0]
At time: 205.92003195800135  CPU usage: [19.0, 21.0, 9.0, 6.9, 5.0, 3.0, 7.0, 6.9, 3.0, 5.1]
At time: 206.92354250000062  CPU usage: [5.1, 5.0, 2.0, 0.0, 0.0, 0.0, 0.0, 0.0, 0.0, 0.0]
At time: 207.92808700000023  CPU usage: [27.5, 13.0, 8.1, 4.0, 1.0, 1.0, 1.0, 2.0, 1.0, 1.0]
At time: 208.933800625  CPU usage: [20.2, 15.2, 5.0, 4.0, 1.0, 1.0, 0.0, 0.0, 0.0, 0.0]
At time: 209.93520416699903  CPU usage: [19.0, 11.9, 6.9, 4.0, 1.0, 0.0, 4.0, 5.0, 3.0, 1.0]
At time: 210.94088283300152  CPU usage: [24.0, 17.0, 7.0, 2.0, 1.0, 0.0, 3.0, 3.0, 0.0, 0.0]
At time: 211.9459964580019  CPU usage: [19.2, 14.1, 7.0, 4.0, 2.0, 2.0, 25.0, 16.2, 7.0, 3.0]
At time: 212.95169050000186  CPU usage: [7.9, 5.0, 3.0, 2.0, 1.0, 0.0, 0.0, 0.0, 0.0, 0.0]
At time: 213.95328404199972  CPU usage: [3.0, 4.0, 2.0, 0.0, 0.0, 0.0, 0.0, 0.0, 0.0, 0.0]
At time: 214.95896583300055  CPU usage: [17.0, 13.0, 5.1, 4.0, 2.0, 1.0, 1.0, 2.0, 1.0, 1.0]
At time: 215.96304091699858  CPU usage: [9.0, 7.0, 5.9, 3.0, 0.0, 0.0, 7.0, 8.9, 4.0, 2.0]
At time: 216.96876904199962  CPU usage: [6.1, 5.0, 2.0, 1.0, 2.0, 1.0, 0.0, 0.0, 0.0, 0.0]
At time: 217.97450062500138  CPU usage: [32.0, 35.0, 22.8, 13.0, 11.0, 9.0, 10.0, 15.2, 8.9, 5.9]
At time: 218.98016191699935  CPU usage: [36.0, 31.3, 19.2, 13.0, 8.0, 7.9, 0.0, 0.0, 0.0, 0.0]
At time: 219.98588958300024  CPU usage: [13.0, 11.0, 5.0, 4.0, 3.0, 0.0, 0.0, 2.0, 0.0, 0.0]
At time: 220.98760837499867  CPU usage: [6.0, 6.0, 2.0, 0.0, 2.0, 0.0, 0.0, 0.0, 0.0, 0.0]
At time: 221.9932607080009  CPU usage: [17.8, 11.1, 6.0, 3.0, 0.0, 1.0, 0.0, 0.0, 0.0, 0.0]
At time: 222.99885579200054  CPU usage: [17.2, 15.8, 11.0, 3.0, 2.0, 0.0, 3.0, 3.0, 3.0, 1.0]
At time: 224.00457112499862  CPU usage: [15.0, 11.2, 6.9, 5.0, 2.0, 1.0, 0.0, 0.0, 0.0, 0.0]
At time: 225.0101770830006  CPU usage: [29.0, 23.0, 13.1, 7.0, 3.0, 2.0, 0.0, 0.0, 0.0, 0.0]
At time: 226.01265883299857  CPU usage: [19.2, 14.9, 9.0, 5.0, 3.0, 4.0, 18.0, 25.0, 24.0, 27.7]
At time: 227.01471075000154  CPU usage: [18.2, 12.1, 8.9, 5.9, 5.0, 2.0, 12.0, 32.0, 8.0, 37.0]
At time: 228.02019400000063  CPU usage: [22.0, 19.2, 11.0, 6.1, 3.0, 2.0, 14.7, 16.8, 14.9, 12.9]
At time: 229.02553366700158  CPU usage: [10.9, 8.9, 4.0, 2.0, 1.0, 0.0, 7.0, 5.0, 1.0, 10.1]
At time: 230.0311909580014  CPU usage: [15.0, 15.8, 7.0, 3.0, 2.0, 1.0, 2.0, 2.0, 3.0, 1.0]
At time: 231.03650816699883  CPU usage: [11.0, 9.1, 6.0, 2.0, 1.0, 0.0, 0.0, 0.0, 0.0, 0.0]
At time: 232.0407665829989  CPU usage: [15.0, 10.9, 5.9, 3.0, 1.0, 0.0, 0.0, 0.0, 0.0, 0.0]
At time: 233.0463971249992  CPU usage: [5.9, 3.0, 1.0, 2.0, 1.0, 2.0, 0.0, 1.0, 1.0, 0.0]
At time: 234.05203687500034  CPU usage: [16.2, 11.9, 6.0, 3.0, 3.0, 1.0, 0.0, 0.0, 0.0, 0.0]
At time: 235.05497325000033  CPU usage: [9.0, 8.0, 4.0, 1.0, 1.0, 0.0, 0.0, 0.0, 0.0, 0.0]
At time: 236.0606458330003  CPU usage: [7.9, 6.0, 2.0, 1.0, 1.0, 0.0, 0.0, 0.0, 0.0, 0.0]
At time: 237.0663942079991  CPU usage: [6.1, 4.0, 2.0, 1.0, 0.0, 1.0, 0.0, 0.0, 0.0, 0.0]
At time: 238.0721057080009  CPU usage: [27.7, 23.2, 11.0, 7.0, 3.0, 2.0, 2.0, 4.0, 0.0, 1.0]
At time: 239.0741056250008  CPU usage: [10.1, 10.0, 3.0, 1.0, 0.0, 0.0, 0.0, 0.0, 0.0, 0.0]
At time: 240.07982600000105  CPU usage: [8.9, 7.0, 2.0, 1.0, 0.0, 0.0, 1.0, 1.0, 2.0, 1.0]
At time: 241.08547358299984  CPU usage: [13.1, 9.0, 5.9, 3.0, 2.0, 0.0, 1.0, 3.0, 1.0, 0.0]
At time: 242.0911160830001  CPU usage: [3.0, 3.0, 0.0, 0.0, 0.0, 0.0, 0.0, 0.0, 0.0, 0.0]
At time: 243.0967993330014  CPU usage: [6.9, 4.0, 2.0, 0.0, 0.0, 0.0, 0.0, 0.0, 0.0, 0.0]
At time: 244.10243883300063  CPU usage: [1.0, 2.0, 1.0, 1.0, 0.0, 0.0, 0.0, 0.0, 0.0, 0.0]
At time: 245.1081157080007  CPU usage: [15.0, 11.0, 6.1, 4.0, 1.0, 2.0, 3.0, 3.0, 2.0, 2.0]
At time: 246.11061820800023  CPU usage: [26.5, 18.2, 13.0, 7.0, 4.0, 2.0, 3.0, 4.0, 3.0, 2.0]
At time: 247.11276908299988  CPU usage: [26.7, 18.0, 11.9, 5.0, 3.0, 1.0, 3.0, 5.0, 2.0, 3.0]
At time: 248.11842279199846  CPU usage: [14.0, 9.0, 4.0, 3.0, 1.0, 1.0, 4.0, 5.0, 5.0, 3.9]
At time: 249.12407204199917  CPU usage: [4.0, 4.0, 0.0, 4.0, 0.0, 0.0, 0.0, 0.0, 0.0, 0.0]
At time: 250.12978220800142  CPU usage: [12.0, 11.0, 4.0, 2.0, 2.0, 0.0, 0.0, 0.0, 0.0, 0.0]
At time: 251.13546858300106  CPU usage: [26.5, 18.4, 13.9, 9.9, 8.0, 5.9, 39.6, 40.0, 40.4, 30.3]
At time: 252.13885899999877  CPU usage: [13.9, 12.0, 5.1, 3.0, 1.0, 0.0, 0.0, 0.0, 1.0, 1.0]
At time: 253.139736000001  CPU usage: [12.1, 11.0, 4.0, 4.9, 1.0, 0.0, 0.0, 1.0, 0.0, 0.0]
At time: 254.14528245800102  CPU usage: [13.0, 10.0, 5.0, 4.0, 1.0, 2.0, 1.0, 1.0, 1.0, 0.0]
At time: 255.1509975000008  CPU usage: [23.2, 19.0, 8.1, 5.1, 1.0, 0.0, 0.0, 1.0, 0.0, 0.0]
At time: 256.1567755830001  CPU usage: [18.8, 20.0, 7.0, 3.0, 3.0, 0.0, 4.0, 5.0, 2.0, 3.0]
At time: 257.1618247080005  CPU usage: [15.2, 11.1, 7.8, 4.0, 1.0, 2.0, 1.0, 1.0, 1.0, 5.0]
At time: 258.16748562499924  CPU usage: [16.0, 12.0, 6.1, 4.0, 2.0, 0.0, 0.0, 0.0, 0.0, 0.0]
At time: 259.17074537499866  CPU usage: [14.1, 12.1, 9.0, 6.0, 2.0, 2.0, 3.0, 3.0, 3.0, 3.0]
At time: 260.1715921670002  CPU usage: [21.8, 15.8, 9.1, 6.9, 3.0, 2.0, 5.0, 5.0, 5.0, 4.0]
At time: 261.1731741250005  CPU usage: [22.4, 17.2, 9.9, 5.0, 1.0, 1.0, 1.0, 1.0, 2.0, 1.0]
At time: 262.1788978330005  CPU usage: [28.7, 27.7, 13.0, 10.0, 5.9, 3.0, 1.0, 1.0, 1.0, 1.0]
At time: 263.1844656249996  CPU usage: [13.1, 11.1, 5.0, 3.0, 1.0, 1.0, 0.0, 1.0, 0.0, 0.0]
At time: 264.1901875830008  CPU usage: [27.0, 20.0, 14.0, 7.0, 5.0, 2.0, 1.0, 1.0, 0.0, 1.0]
At time: 265.1958764580013  CPU usage: [22.0, 17.2, 10.0, 7.0, 2.0, 0.0, 0.0, 0.0, 0.0, 0.0]
At time: 266.2015800830013  CPU usage: [24.0, 19.8, 9.1, 6.0, 3.0, 2.0, 2.0, 3.0, 1.0, 1.0]
At time: 267.2071428749987  CPU usage: [18.0, 17.0, 8.0, 3.0, 0.0, 0.0, 0.0, 0.0, 0.0, 0.0]
At time: 268.2128612919987  CPU usage: [11.1, 9.0, 5.9, 4.0, 2.0, 0.0, 0.0, 0.0, 0.0, 0.0]
At time: 269.2185400419985  CPU usage: [6.9, 5.0, 3.0, 1.0, 0.0, 1.0, 0.0, 0.0, 0.0, 0.0]
At time: 270.22419725000145  CPU usage: [5.0, 5.0, 1.0, 2.0, 1.0, 0.0, 0.0, 0.0, 0.0, 0.0]
At time: 271.2293692079984  CPU usage: [5.0, 2.0, 3.0, 0.0, 0.0, 0.0, 1.0, 2.0, 0.0, 1.0]
At time: 272.2350227499992  CPU usage: [17.8, 15.0, 7.0, 6.0, 2.0, 2.0, 4.0, 3.0, 2.0, 0.0]
At time: 273.24068266700124  CPU usage: [13.1, 15.0, 5.9, 4.0, 2.0, 1.0, 0.0, 0.0, 0.0, 0.0]
At time: 274.24530225000126  CPU usage: [12.1, 11.0, 6.0, 5.0, 0.0, 1.0, 0.0, 1.0, 0.0, 0.0]
At time: 275.2493317080007  CPU usage: [6.9, 5.0, 2.0, 0.0, 1.0, 0.0, 0.0, 0.0, 0.0, 0.0]
At time: 276.2542923330002  CPU usage: [17.3, 14.1, 8.0, 8.9, 1.0, 0.0, 0.0, 0.0, 0.0, 1.0]
At time: 277.25616266699944  CPU usage: [13.9, 10.1, 6.0, 3.0, 2.0, 1.0, 1.0, 1.0, 1.0, 0.0]
At time: 278.25716974999887  CPU usage: [14.0, 12.1, 5.9, 5.0, 1.0, 1.0, 0.0, 0.0, 0.0, 0.0]
At time: 279.26285816699965  CPU usage: [22.2, 15.0, 7.1, 5.0, 3.0, 1.0, 7.9, 10.0, 5.0, 5.0]
At time: 280.26836320800066  CPU usage: [22.2, 22.0, 11.0, 8.0, 5.0, 2.0, 0.0, 0.0, 0.0, 0.0]
At time: 281.274005416999  CPU usage: [11.9, 9.0, 5.9, 2.0, 0.0, 0.0, 0.0, 0.0, 0.0, 0.0]
At time: 282.2796620420013  CPU usage: [3.0, 3.0, 0.0, 2.0, 1.0, 0.0, 0.0, 0.0, 0.0, 0.0]
At time: 283.2853141250016  CPU usage: [8.1, 8.0, 4.0, 1.0, 1.0, 0.0, 0.0, 0.0, 0.0, 0.0]
At time: 284.29103687500174  CPU usage: [7.0, 4.0, 2.0, 1.0, 1.0, 0.0, 0.0, 0.0, 0.0, 0.0]
At time: 285.2953113330004  CPU usage: [12.0, 9.0, 5.0, 3.0, 1.0, 1.0, 0.0, 0.0, 0.0, 0.0]
At time: 286.29619020799873  CPU usage: [10.0, 7.9, 4.0, 2.0, 1.0, 0.0, 0.0, 1.0, 0.0, 0.0]
At time: 287.30214437500035  CPU usage: [22.0, 16.2, 10.0, 6.0, 5.0, 5.0, 9.1, 11.9, 7.9, 10.8]
At time: 288.3077240829989  CPU usage: [17.2, 12.1, 9.1, 6.1, 2.0, 1.0, 3.0, 2.0, 2.0, 0.0]
At time: 289.3102610419992  CPU usage: [15.8, 8.9, 5.0, 2.0, 1.0, 0.0, 0.0, 0.0, 0.0, 0.0]
At time: 290.3160090829988  CPU usage: [10.1, 8.1, 3.0, 3.0, 1.0, 0.0, 0.0, 0.0, 0.0, 0.0]
At time: 291.3184578750006  CPU usage: [8.9, 7.9, 6.9, 4.0, 2.0, 3.0, 21.8, 6.9, 5.0, 5.0]
At time: 292.32416716700027  CPU usage: [4.0, 9.9, 0.0, 0.0, 0.0, 0.0, 0.0, 0.0, 0.0, 0.0]
At time: 293.32858291700177  CPU usage: [48.5, 42.9, 29.0, 18.0, 23.8, 10.0, 0.0, 0.0, 0.0, 0.0]
At time: 294.32954087500184  CPU usage: [15.2, 14.0, 4.0, 4.0, 1.0, 1.0, 1.0, 4.0, 2.0, 0.0]
At time: 295.33255083300173  CPU usage: [9.9, 7.9, 4.0, 2.0, 1.0, 0.0, 0.0, 0.0, 0.0, 0.0]
At time: 296.33822133300055  CPU usage: [11.0, 8.1, 5.0, 4.0, 1.0, 3.0, 0.0, 0.0, 0.0, 0.0]
At time: 297.3445334579992  CPU usage: [17.0, 12.9, 9.9, 3.0, 2.0, 0.0, 3.0, 1.0, 0.0, 0.0]
At time: 298.35022512499927  CPU usage: [21.8, 11.0, 7.0, 3.0, 2.0, 1.0, 0.0, 0.0, 0.0, 0.0]
At time: 299.3559102500003  CPU usage: [8.1, 6.0, 4.0, 2.0, 2.0, 0.0, 0.0, 0.0, 0.0, 0.0]
At time: 300.3578636249986  CPU usage: [10.1, 8.1, 5.0, 3.0, 0.0, 0.0, 3.0, 3.0, 0.0, 0.0]
At time: 301.36308704199837  CPU usage: [5.9, 5.9, 1.0, 0.0, 1.0, 1.0, 0.0, 0.0, 0.0, 0.0]
At time: 302.36878629200146  CPU usage: [4.0, 2.0, 2.0, 2.0, 0.0, 0.0, 0.0, 0.0, 0.0, 0.0]
At time: 303.3702569170018  CPU usage: [7.0, 5.9, 2.0, 0.0, 0.0, 0.0, 0.0, 0.0, 0.0, 0.0]
At time: 304.3759035000003  CPU usage: [8.0, 6.0, 3.0, 2.0, 1.0, 0.0, 0.0, 0.0, 0.0, 0.0]
At time: 305.38155783299953  CPU usage: [19.0, 7.1, 2.0, 1.0, 0.0, 0.0, 0.0, 0.0, 0.0, 0.0]
At time: 306.38695008300056  CPU usage: [4.0, 2.0, 1.0, 0.0, 0.0, 0.0, 0.0, 0.0, 0.0, 0.0]
At time: 307.3931147500007  CPU usage: [10.1, 8.0, 5.0, 2.0, 0.0, 1.0, 0.0, 0.0, 0.0, 0.0]
At time: 308.39535416700164  CPU usage: [7.9, 6.9, 2.0, 0.0, 1.0, 0.0, 0.0, 0.0, 0.0, 0.0]
At time: 309.401062500001  CPU usage: [12.1, 12.1, 7.0, 5.1, 1.0, 1.0, 1.0, 14.0, 1.0, 1.0]
At time: 310.40365720800037  CPU usage: [11.9, 9.0, 4.0, 3.0, 1.0, 1.0, 2.0, 14.0, 1.0, 1.0]
At time: 311.40932308300034  CPU usage: [9.1, 7.1, 4.0, 2.0, 1.0, 0.0, 0.0, 0.0, 0.0, 0.0]
At time: 312.4149629169988  CPU usage: [13.0, 10.9, 4.0, 4.0, 2.0, 1.0, 0.0, 0.0, 0.0, 0.0]
At time: 313.42059704200074  CPU usage: [3.0, 4.0, 1.0, 0.0, 0.0, 0.0, 1.0, 7.9, 1.0, 1.0]
At time: 314.42626391700105  CPU usage: [11.0, 6.1, 4.0, 3.0, 2.0, 0.0, 7.9, 7.9, 0.0, 1.0]
At time: 315.4319117919986  CPU usage: [3.0, 3.9, 2.0, 0.0, 0.0, 0.0, 0.0, 0.0, 0.0, 0.0]
At time: 316.43761016699864  CPU usage: [8.0, 5.1, 3.0, 2.0, 0.0, 0.0, 0.0, 0.0, 0.0, 0.0]
At time: 317.44400591700105  CPU usage: [22.0, 17.0, 12.0, 8.0, 7.9, 7.9, 4.0, 5.0, 3.0, 2.0]
At time: 318.4497944579998  CPU usage: [11.0, 8.0, 4.0, 2.0, 1.0, 1.0, 1.0, 0.0, 0.0, 0.0]
At time: 319.4554797080018  CPU usage: [2.0, 3.0, 2.0, 0.0, 0.0, 0.0, 0.0, 0.0, 0.0, 0.0]
At time: 320.4611353750006  CPU usage: [3.0, 1.0, 0.0, 0.0, 0.0, 0.0, 0.0, 0.0, 0.0, 0.0]
At time: 321.4628034999987  CPU usage: [11.0, 11.0, 3.0, 2.0, 0.0, 0.0, 2.0, 3.0, 0.0, 0.0]
At time: 322.4685020420002  CPU usage: [10.1, 10.0, 4.0, 3.0, 1.0, 0.0, 0.0, 0.0, 0.0, 0.0]
At time: 323.47046112500175  CPU usage: [16.0, 14.0, 9.9, 5.0, 3.0, 2.0, 3.0, 5.0, 3.0, 2.0]
At time: 324.47616458300035  CPU usage: [25.0, 18.0, 11.0, 5.1, 3.0, 1.0, 8.9, 10.9, 2.0, 2.0]
At time: 325.48192516700146  CPU usage: [32.0, 26.0, 18.8, 8.0, 6.0, 4.9, 2.0, 3.0, 3.0, 2.0]
At time: 326.4881644999987  CPU usage: [36.0, 30.0, 22.2, 17.0, 11.0, 9.0, 0.0, 0.0, 0.0, 0.0]
At time: 327.4929056250003  CPU usage: [30.0, 23.0, 14.0, 8.0, 4.0, 5.0, 13.1, 11.9, 9.0, 10.0]
At time: 328.49572762499884  CPU usage: [39.6, 24.5, 18.0, 11.1, 6.1, 2.0, 25.5, 23.5, 11.9, 5.9]
At time: 329.4966244169991  CPU usage: [25.0, 19.0, 9.1, 7.9, 4.0, 3.0, 11.0, 12.0, 6.1, 6.0]
At time: 330.5023202500015  CPU usage: [18.0, 15.0, 9.9, 5.0, 2.9, 2.0, 2.0, 1.0, 1.0, 0.0]
At time: 331.50798674999896  CPU usage: [28.0, 25.3, 15.0, 13.9, 8.1, 8.0, 3.0, 4.0, 1.0, 0.0]
At time: 332.513493167  CPU usage: [18.2, 13.9, 8.0, 3.0, 3.0, 1.0, 0.0, 0.0, 1.0, 0.0]
At time: 333.5185214999983  CPU usage: [20.8, 15.0, 12.0, 5.9, 6.0, 2.0, 1.0, 0.0, 0.0, 0.0]
At time: 334.524220416999  CPU usage: [23.2, 18.2, 12.1, 7.1, 4.0, 4.0, 8.1, 9.9, 6.0, 5.9]
At time: 335.5299006669993  CPU usage: [20.0, 14.0, 6.0, 7.9, 2.0, 1.0, 1.0, 1.0, 0.0, 0.0]
At time: 336.5341092080016  CPU usage: [3.0, 2.0, 1.0, 0.0, 0.0, 0.0, 0.0, 0.0, 0.0, 0.0]
At time: 337.5403952500019  CPU usage: [5.0, 4.0, 1.0, 1.0, 0.0, 0.0, 0.0, 0.0, 0.0, 0.0]
At time: 338.54635462499937  CPU usage: [6.0, 5.9, 2.0, 1.0, 1.0, 0.0, 0.0, 0.0, 0.0, 0.0]
At time: 339.5521141669997  CPU usage: [24.0, 19.2, 10.0, 6.9, 5.0, 2.0, 0.0, 0.0, 0.0, 0.0]
At time: 340.5571045830002  CPU usage: [29.0, 20.0, 15.0, 6.1, 4.0, 2.0, 0.0, 0.0, 0.0, 0.0]
At time: 341.5628021250013  CPU usage: [14.0, 10.0, 8.0, 4.9, 2.0, 1.0, 1.0, 3.0, 1.0, 0.0]
At time: 342.56508445800137  CPU usage: [16.0, 13.0, 8.0, 4.0, 3.0, 4.0, 5.0, 6.0, 4.0, 2.0]
At time: 343.5707811249995  CPU usage: [16.0, 13.0, 7.1, 7.0, 5.9, 5.9, 15.8, 18.8, 13.0, 13.0]
At time: 344.57626141700166  CPU usage: [24.2, 21.0, 15.8, 11.9, 8.1, 8.0, 56.6, 68.0, 41.6, 37.0]
At time: 345.58180404200175  CPU usage: [13.0, 13.0, 4.0, 1.0, 1.0, 0.0, 65.3, 32.0, 29.0, 19.0]
At time: 346.58776554200085  CPU usage: [8.0, 4.0, 2.0, 1.0, 1.0, 0.0, 0.0, 0.0, 0.0, 0.0]
At time: 347.59416616700037  CPU usage: [5.9, 3.0, 2.0, 0.0, 0.0, 1.0, 0.0, 0.0, 0.0, 0.0]
At time: 348.5998522080008  CPU usage: [8.0, 6.9, 5.0, 2.0, 1.0, 0.0, 0.0, 0.0, 0.0, 0.0]
At time: 349.60564695799985  CPU usage: [3.0, 4.0, 0.0, 0.0, 1.0, 0.0, 0.0, 0.0, 0.0, 0.0]
At time: 350.6112737080002  CPU usage: [5.0, 4.0, 1.0, 1.0, 0.0, 0.0, 0.0, 0.0, 0.0, 0.0]
At time: 351.61689750000005  CPU usage: [9.0, 5.9, 3.0, 1.0, 0.0, 0.0, 0.0, 0.0, 0.0, 0.0]
At time: 352.6224703330008  CPU usage: [5.9, 3.0, 3.9, 1.0, 0.0, 2.0, 0.0, 0.0, 0.0, 0.0]
At time: 353.62816141700023  CPU usage: [3.0, 5.9, 0.0, 0.0, 0.0, 0.0, 0.0, 0.0, 0.0, 0.0]
At time: 354.63380329199936  CPU usage: [3.0, 1.0, 2.0, 0.0, 1.0, 0.0, 0.0, 0.0, 0.0, 0.0]
At time: 355.63707783299833  CPU usage: [2.0, 2.0, 1.0, 1.0, 0.0, 0.0, 0.0, 0.0, 0.0, 0.0]
At time: 356.6428860420019  CPU usage: [2.0, 2.0, 1.0, 1.0, 0.0, 0.0, 0.0, 0.0, 0.0, 0.0]
At time: 357.64938337499916  CPU usage: [6.9, 6.0, 3.0, 0.0, 1.0, 0.0, 0.0, 1.0, 0.0, 0.0]
At time: 358.6556942499992  CPU usage: [8.1, 5.9, 3.0, 2.0, 0.0, 0.0, 1.0, 0.0, 0.0, 0.0]
At time: 359.6617611670008  CPU usage: [9.0, 6.0, 5.0, 2.0, 1.0, 2.0, 16.2, 67.0, 1.0, 0.0]
At time: 360.66548437500023  CPU usage: [7.1, 6.0, 1.0, 0.0, 0.0, 0.0, 28.7, 53.5, 6.0, 3.0]
At time: 361.66678304200104  CPU usage: [29.3, 25.3, 17.8, 12.9, 12.0, 9.1, 37.4, 44.0, 36.0, 25.7]
At time: 362.67100429199854  CPU usage: [30.0, 22.0, 15.2, 10.1, 8.0, 5.0, 25.7, 24.2, 22.0, 22.0]
At time: 363.6764933330014  CPU usage: [24.2, 18.0, 10.0, 7.0, 2.9, 4.9, 17.0, 17.0, 13.0, 10.0]
At time: 364.6809642500011  CPU usage: [12.0, 10.1, 6.0, 4.9, 1.0, 0.0, 1.0, 2.9, 2.0, 1.0]
At time: 365.68670008299887  CPU usage: [13.0, 10.9, 5.0, 2.0, 0.0, 1.0, 0.0, 0.0, 0.0, 0.0]
At time: 366.6923589580001  CPU usage: [5.0, 4.0, 1.0, 2.0, 1.0, 1.0, 0.0, 0.0, 0.0, 0.0]
At time: 367.6974647499992  CPU usage: [14.0, 11.0, 6.1, 3.0, 1.0, 1.0, 6.9, 7.0, 9.0, 4.0]
At time: 368.699839375  CPU usage: [9.0, 6.0, 3.0, 2.0, 0.0, 0.0, 0.0, 0.0, 0.0, 0.0]
At time: 369.70567237499927  CPU usage: [12.1, 11.0, 6.9, 4.0, 2.0, 0.0, 3.0, 4.0, 2.9, 1.0]
At time: 370.7113696669985  CPU usage: [8.0, 7.0, 4.0, 3.0, 0.0, 0.0, 0.0, 0.0, 0.0, 0.0]
At time: 371.71706620799887  CPU usage: [8.8, 7.1, 4.0, 2.0, 0.0, 1.0, 0.0, 1.0, 0.0, 0.0]
At time: 372.7226311250015  CPU usage: [22.2, 17.8, 9.9, 8.9, 3.0, 1.0, 0.0, 0.0, 0.0, 0.0]
At time: 373.72595383299995  CPU usage: [21.2, 13.3, 9.2, 7.1, 6.0, 4.0, 27.3, 31.0, 25.3, 22.0]
At time: 374.7312738750006  CPU usage: [22.2, 17.0, 10.8, 6.0, 3.0, 3.0, 46.0, 53.0, 31.0, 25.3]
At time: 375.7324698750017  CPU usage: [14.0, 10.9, 6.1, 4.0, 2.0, 0.0, 0.0, 0.0, 0.0, 0.0]
At time: 376.7380750420016  CPU usage: [20.2, 15.2, 10.0, 6.1, 0.0, 2.0, 0.0, 0.0, 0.0, 0.0]
At time: 377.7447438749987  CPU usage: [11.1, 10.0, 4.0, 2.0, 2.9, 0.0, 2.0, 1.0, 0.0, 0.0]
At time: 378.75142033299926  CPU usage: [18.0, 13.0, 7.9, 5.0, 1.0, 1.0, 42.0, 10.0, 6.0, 3.0]
At time: 379.7545380420015  CPU usage: [4.0, 3.0, 1.0, 0.0, 1.0, 0.0, 0.0, 1.0, 0.0, 0.0]
At time: 380.7602682500001  CPU usage: [8.8, 6.0, 3.0, 2.0, 0.0, 0.0, 0.0, 0.0, 0.0, 0.0]
At time: 381.76591429199834  CPU usage: [15.0, 8.0, 5.1, 3.0, 2.0, 2.0, 16.2, 15.2, 2.0, 2.0]
At time: 382.76816224999857  CPU usage: [5.0, 6.0, 2.0, 1.0, 0.0, 0.0, 1.0, 2.0, 0.0, 0.0]
At time: 383.7737859170011  CPU usage: [11.0, 10.0, 5.0, 3.0, 2.0, 0.0, 1.0, 0.0, 0.0, 0.0]
At time: 384.7794119579994  CPU usage: [9.9, 8.0, 9.9, 3.9, 2.0, 2.0, 0.0, 0.0, 1.0, 0.0]
At time: 385.78507795800033  CPU usage: [7.0, 5.0, 3.0, 0.0, 0.0, 0.0, 0.0, 0.0, 0.0, 0.0]
At time: 386.7907497919987  CPU usage: [15.0, 12.0, 7.0, 3.0, 0.0, 0.0, 0.0, 1.0, 0.0, 0.0]
At time: 387.7969847919994  CPU usage: [18.2, 16.0, 9.0, 6.0, 3.9, 4.0, 0.0, 0.0, 0.0, 0.0]
At time: 388.80203325000184  CPU usage: [20.4, 18.0, 9.1, 7.0, 2.0, 1.0, 1.0, 1.0, 0.0, 0.0]
At time: 389.808042749999  CPU usage: [11.8, 8.0, 4.9, 4.0, 0.0, 1.0, 0.0, 0.0, 0.0, 0.0]
At time: 390.81389412499993  CPU usage: [7.0, 6.0, 2.0, 1.0, 1.0, 0.0, 0.0, 0.0, 0.0, 0.0]
At time: 391.81950858300115  CPU usage: [18.0, 16.0, 10.9, 6.9, 3.0, 2.0, 3.0, 3.0, 2.0, 1.0]
At time: 392.8251314170011  CPU usage: [17.0, 14.9, 7.1, 6.1, 3.0, 2.0, 2.0, 2.0, 2.0, 4.0]
At time: 393.83009324999875  CPU usage: [17.0, 13.1, 7.0, 4.0, 1.0, 0.0, 2.0, 1.0, 0.0, 0.0]
At time: 394.83580037499996  CPU usage: [14.1, 11.1, 5.0, 3.0, 2.0, 1.0, 0.0, 0.0, 1.0, 0.0]
At time: 395.8374432080018  CPU usage: [6.9, 4.0, 3.0, 2.0, 0.0, 0.0, 0.0, 0.0, 0.0, 0.0]
At time: 396.83919595800035  CPU usage: [22.2, 16.0, 8.1, 5.9, 3.0, 2.0, 28.3, 32.4, 26.3, 27.0]
At time: 397.84564474999934  CPU usage: [14.1, 12.0, 6.0, 3.0, 0.0, 0.0, 1.0, 0.0, 0.0, 1.0]
At time: 398.84740254200005  CPU usage: [18.8, 16.0, 8.0, 4.0, 3.0, 3.0, 0.0, 0.0, 0.0, 0.0]
At time: 399.8533915420012  CPU usage: [10.0, 9.0, 3.0, 3.0, 1.0, 0.0, 0.0, 0.0, 0.0, 0.0]
At time: 400.85929795799893  CPU usage: [5.0, 5.0, 2.0, 1.0, 0.0, 0.0, 0.0, 0.0, 0.0, 0.0]
At time: 401.8648727079999  CPU usage: [11.0, 7.0, 5.0, 1.0, 1.0, 0.0, 0.0, 0.0, 0.0, 0.0]
At time: 402.8685425830008  CPU usage: [12.1, 14.0, 5.1, 2.0, 1.0, 1.0, 0.0, 0.0, 0.0, 0.0]
At time: 403.86961712500124  CPU usage: [14.9, 12.0, 6.0, 5.9, 1.0, 2.0, 0.0, 0.0, 0.0, 0.0]
At time: 404.87079579200145  CPU usage: [21.2, 16.2, 9.0, 7.0, 4.0, 2.0, 3.0, 5.0, 3.0, 3.0]
At time: 405.87650483299876  CPU usage: [24.0, 17.0, 11.0, 8.0, 3.0, 3.9, 3.0, 3.0, 2.0, 1.0]
At time: 406.8790629169998  CPU usage: [16.2, 11.1, 6.1, 4.0, 3.0, 0.0, 0.0, 0.0, 0.0, 1.0]
At time: 407.88111262500024  CPU usage: [9.9, 7.9, 5.0, 2.0, 0.0, 0.0, 0.0, 1.0, 0.0, 0.0]
At time: 408.88772637500006  CPU usage: [6.0, 6.0, 2.0, 1.0, 1.0, 0.0, 0.0, 0.0, 0.0, 0.0]
At time: 409.8941136249996  CPU usage: [3.0, 2.0, 2.0, 0.0, 0.0, 0.0, 0.0, 0.0, 0.0, 0.0]
At time: 410.90012175000084  CPU usage: [4.0, 3.9, 2.0, 1.0, 0.0, 0.0, 0.0, 0.0, 0.0, 0.0]
At time: 411.90571249999994  CPU usage: [9.0, 3.0, 1.0, 1.0, 0.0, 0.0, 0.0, 0.0, 0.0, 0.0]
At time: 412.9113508750015  CPU usage: [5.9, 5.0, 2.0, 1.0, 1.0, 2.0, 0.0, 0.0, 0.0, 0.0]
At time: 413.91691462499875  CPU usage: [4.0, 4.0, 3.0, 2.9, 0.0, 0.0, 0.0, 0.0, 0.0, 0.0]
At time: 414.9222562499999  CPU usage: [7.9, 6.0, 4.0, 0.0, 1.0, 0.0, 0.0, 0.0, 0.0, 0.0]
At time: 415.92346545799955  CPU usage: [16.0, 12.9, 8.0, 3.0, 2.0, 1.0, 0.0, 0.0, 0.0, 0.0]
At time: 416.92918087499856  CPU usage: [12.1, 8.1, 8.0, 3.0, 1.0, 1.0, 0.0, 0.0, 0.0, 0.0]
At time: 417.9356978750002  CPU usage: [17.0, 13.0, 5.0, 4.0, 4.0, 1.0, 0.0, 0.0, 0.0, 0.0]
At time: 418.94221024999933  CPU usage: [8.9, 9.0, 4.0, 2.0, 1.0, 0.0, 1.0, 0.0, 0.0, 0.0]
At time: 419.94894354200005  CPU usage: [16.2, 17.0, 6.0, 3.0, 2.0, 1.0, 0.0, 0.0, 0.0, 0.0]
At time: 420.95515641699967  CPU usage: [16.0, 11.0, 4.0, 2.0, 0.0, 0.0, 3.0, 8.0, 2.0, 6.0]
At time: 421.96074999999837  CPU usage: [6.9, 4.0, 2.0, 1.0, 1.0, 0.0, 0.0, 0.0, 0.0, 0.0]
At time: 422.9663113329989  CPU usage: [14.1, 11.0, 5.9, 3.0, 2.0, 1.0, 0.0, 0.0, 0.0, 0.0]
At time: 423.97086579200186  CPU usage: [21.0, 16.8, 9.0, 4.9, 3.0, 1.0, 2.0, 2.0, 0.0, 0.0]
At time: 424.9765201670016  CPU usage: [13.1, 12.0, 6.9, 3.0, 3.0, 2.0, 5.0, 6.0, 5.0, 4.0]
At time: 425.97978033300024  CPU usage: [17.8, 15.2, 8.1, 5.9, 3.0, 1.0, 0.0, 0.0, 0.0, 0.0]
At time: 426.9856137079987  CPU usage: [19.2, 14.9, 8.9, 5.0, 3.0, 1.0, 0.0, 0.0, 0.0, 0.0]
At time: 427.9907199170011  CPU usage: [16.0, 15.2, 9.0, 5.0, 3.0, 1.0, 0.0, 0.0, 0.0, 0.0]
At time: 428.99760179200166  CPU usage: [13.0, 12.0, 5.0, 1.0, 1.0, 0.0, 0.0, 0.0, 0.0, 0.0]
At time: 430.0041192919998  CPU usage: [21.0, 19.0, 9.0, 6.9, 5.0, 3.0, 0.0, 0.0, 0.0, 0.0]
At time: 431.0105948749988  CPU usage: [15.2, 13.0, 5.1, 3.0, 4.0, 1.0, 0.0, 0.0, 0.0, 0.0]
At time: 432.0135932500016  CPU usage: [7.9, 9.0, 3.9, 1.0, 1.0, 0.0, 0.0, 0.0, 0.0, 0.0]
At time: 433.01919262500087  CPU usage: [9.0, 7.0, 3.0, 2.0, 0.0, 0.0, 0.0, 0.0, 0.0, 0.0]
At time: 434.02474579200134  CPU usage: [17.0, 13.9, 5.0, 3.0, 2.0, 0.0, 0.0, 0.0, 0.0, 0.0]
At time: 435.03052424999987  CPU usage: [10.1, 10.1, 4.9, 2.0, 1.0, 1.0, 0.0, 0.0, 0.0, 0.0]
At time: 436.0363843749983  CPU usage: [10.0, 8.9, 3.0, 2.9, 0.0, 0.0, 0.0, 0.0, 0.0, 0.0]
At time: 437.0423837499984  CPU usage: [11.0, 10.0, 4.0, 0.0, 0.0, 1.0, 0.0, 0.0, 0.0, 0.0]
At time: 438.04748570800075  CPU usage: [19.2, 16.2, 8.9, 4.0, 4.0, 2.0, 0.0, 0.0, 0.0, 0.0]
At time: 439.0543296670003  CPU usage: [19.8, 15.0, 8.0, 3.0, 2.0, 2.9, 0.0, 1.0, 0.0, 0.0]
At time: 440.0604380420009  CPU usage: [16.0, 13.0, 4.0, 3.0, 2.0, 1.0, 0.0, 0.0, 0.0, 0.0]
At time: 441.0672249579984  CPU usage: [11.0, 8.1, 6.0, 3.0, 0.0, 0.0, 1.0, 0.0, 0.0, 0.0]
At time: 442.0728998750019  CPU usage: [11.9, 5.9, 3.0, 0.0, 1.0, 1.0, 0.0, 0.0, 0.0, 0.0]
At time: 443.07849162500133  CPU usage: [12.2, 12.0, 6.9, 3.0, 1.0, 0.0, 1.0, 0.0, 1.0, 0.0]
At time: 444.0841556250016  CPU usage: [18.0, 16.2, 9.1, 3.0, 4.0, 0.0, 0.0, 0.0, 0.0, 0.0]
At time: 445.0879072919997  CPU usage: [18.2, 13.1, 8.0, 4.9, 3.0, 2.0, 0.0, 0.0, 0.0, 0.0]
At time: 446.08998712500033  CPU usage: [19.0, 17.0, 7.9, 5.1, 1.0, 0.0, 0.0, 0.0, 0.0, 0.0]
At time: 447.0960831250013  CPU usage: [9.1, 8.1, 3.0, 4.0, 1.0, 1.0, 0.0, 2.0, 0.0, 1.0]
At time: 448.0974220419994  CPU usage: [7.9, 5.0, 3.0, 1.0, 0.0, 0.0, 0.0, 0.0, 0.0, 0.0]
At time: 449.10296625000046  CPU usage: [3.0, 3.0, 2.0, 0.0, 1.0, 0.0, 0.0, 0.0, 0.0, 0.0]
At time: 450.10967475000143  CPU usage: [13.0, 11.0, 5.1, 4.0, 0.0, 0.0, 0.0, 0.0, 0.0, 0.0]
At time: 451.11148595800114  CPU usage: [21.2, 18.0, 11.0, 7.0, 4.0, 4.0, 4.0, 4.0, 5.0, 4.0]
At time: 452.1121991250002  CPU usage: [19.0, 16.0, 8.1, 5.0, 3.9, 2.0, 4.0, 3.0, 1.0, 0.0]
At time: 453.11780374999944  CPU usage: [8.9, 7.0, 6.0, 2.0, 0.0, 0.0, 0.0, 0.0, 0.0, 0.0]
At time: 454.12339491700186  CPU usage: [5.0, 4.0, 3.0, 0.0, 0.0, 0.0, 0.0, 2.0, 0.0, 0.0]
At time: 455.1292594580009  CPU usage: [6.0, 5.0, 2.0, 2.0, 0.0, 1.0, 0.0, 0.0, 0.0, 0.0]
At time: 456.1355060829992  CPU usage: [22.2, 15.0, 9.0, 5.0, 2.0, 0.0, 6.0, 3.0, 0.0, 0.0]
At time: 457.13876900000105  CPU usage: [23.0, 19.4, 12.1, 6.0, 3.0, 3.0, 0.0, 0.0, 0.0, 0.0]
At time: 458.14402858299945  CPU usage: [12.1, 12.0, 7.9, 3.0, 2.0, 1.0, 0.0, 1.0, 0.0, 1.0]
At time: 459.15044870800193  CPU usage: [9.9, 8.1, 3.0, 2.0, 0.0, 1.0, 1.0, 0.0, 0.0, 0.0]
At time: 460.1571503749983  CPU usage: [15.0, 12.9, 4.0, 1.0, 1.0, 0.0, 2.0, 2.0, 1.0, 0.0]
At time: 461.16314158300156  CPU usage: [17.0, 16.0, 7.0, 5.0, 2.0, 1.0, 1.0, 1.0, 0.0, 1.0]
At time: 462.1667511250016  CPU usage: [16.2, 14.0, 6.0, 4.0, 0.0, 0.0, 0.0, 1.0, 2.0, 0.0]
At time: 463.1706685829995  CPU usage: [15.0, 13.0, 6.0, 2.0, 1.0, 0.0, 0.0, 0.0, 0.0, 0.0]
At time: 464.17335862500113  CPU usage: [20.0, 12.1, 7.1, 5.0, 2.9, 2.0, 0.0, 1.0, 0.0, 0.0]
At time: 465.1750387920001  CPU usage: [18.0, 17.0, 10.0, 3.0, 1.0, 0.0, 0.0, 0.0, 0.0, 0.0]
At time: 466.1809730829991  CPU usage: [17.0, 13.1, 7.1, 5.0, 2.0, 1.0, 0.0, 0.0, 0.0, 0.0]
At time: 467.18591791699873  CPU usage: [24.2, 22.0, 11.1, 6.9, 5.0, 0.0, 0.0, 1.0, 0.0, 0.0]
At time: 468.1927227919987  CPU usage: [23.0, 16.0, 10.9, 9.0, 2.0, 1.0, 2.0, 1.0, 2.0, 1.0]
At time: 469.1966926669993  CPU usage: [16.2, 14.0, 8.0, 6.0, 4.0, 3.0, 11.1, 12.0, 11.0, 9.1]
At time: 470.20302891699976  CPU usage: [19.0, 18.0, 9.0, 5.0, 2.0, 2.0, 2.9, 2.0, 0.0, 2.0]
At time: 471.2088544170001  CPU usage: [19.2, 17.8, 11.0, 6.9, 5.0, 3.0, 2.0, 4.0, 3.0, 1.0]
At time: 472.2145571250003  CPU usage: [13.1, 14.1, 6.9, 2.0, 2.0, 1.0, 0.0, 0.0, 0.0, 0.0]
At time: 473.2201947499998  CPU usage: [14.9, 10.0, 5.1, 2.0, 2.0, 0.0, 1.0, 3.0, 1.0, 0.0]
At time: 474.22363762500026  CPU usage: [21.0, 16.8, 8.0, 5.0, 3.0, 1.0, 0.0, 0.0, 0.0, 0.0]
At time: 475.22981875000187  CPU usage: [23.2, 18.0, 9.9, 5.0, 3.0, 2.0, 3.0, 4.0, 1.0, 2.0]
At time: 476.23649770799966  CPU usage: [18.0, 15.0, 7.9, 8.0, 4.0, 4.0, 6.9, 5.9, 3.0, 1.0]
At time: 477.2424522500005  CPU usage: [15.0, 14.1, 5.1, 3.0, 1.0, 0.0, 0.0, 5.1, 0.0, 0.0]
At time: 478.24657916700016  CPU usage: [9.0, 8.0, 3.9, 1.0, 0.0, 0.0, 11.9, 55.4, 2.0, 0.0]
At time: 479.2533056249995  CPU usage: [18.0, 17.0, 6.0, 2.0, 2.0, 0.0, 1.0, 5.0, 0.0, 0.0]
At time: 480.25948737499857  CPU usage: [14.1, 13.7, 5.1, 3.0, 1.0, 3.0, 0.0, 4.0, 0.0, 0.0]
At time: 481.26545312500093  CPU usage: [24.0, 20.2, 8.0, 4.0, 2.0, 1.0, 0.0, 4.0, 0.0, 0.0]
At time: 482.2685443750015  CPU usage: [12.0, 9.0, 4.0, 2.0, 0.0, 0.0, 0.0, 0.0, 0.0, 0.0]
At time: 483.27415145800114  CPU usage: [11.0, 10.0, 3.0, 2.0, 0.0, 0.0, 1.0, 2.0, 0.0, 0.0]
At time: 484.2797114169989  CPU usage: [24.2, 15.2, 8.0, 2.0, 3.0, 1.0, 8.9, 6.1, 2.0, 5.0]
At time: 485.2821200420003  CPU usage: [26.0, 19.8, 10.0, 6.0, 1.0, 1.0, 0.0, 4.0, 1.0, 0.0]
At time: 486.28879316700113  CPU usage: [21.2, 17.2, 11.0, 7.0, 3.0, 1.0, 0.0, 0.0, 0.0, 0.0]
At time: 487.2955992919997  CPU usage: [6.0, 5.0, 1.0, 2.0, 0.0, 0.0, 0.0, 0.0, 0.0, 0.0]
At time: 488.30148216700036  CPU usage: [7.0, 5.0, 2.0, 0.0, 2.0, 0.0, 0.0, 0.0, 0.0, 0.0]
At time: 489.3081259169994  CPU usage: [10.9, 4.0, 9.0, 2.9, 2.0, 0.0, 0.0, 0.0, 0.0, 0.0]
At time: 490.3129630000003  CPU usage: [9.2, 13.0, 4.0, 2.0, 0.0, 0.0, 1.0, 2.0, 0.0, 0.0]
At time: 491.314262625001  CPU usage: [17.0, 14.1, 7.0, 5.9, 2.0, 1.0, 0.0, 0.0, 0.0, 0.0]
At time: 492.31987825000033  CPU usage: [5.0, 4.0, 2.0, 0.0, 0.0, 0.0, 0.0, 0.0, 0.0, 0.0]
At time: 493.3254424580009  CPU usage: [11.0, 9.0, 3.0, 2.0, 0.0, 0.0, 2.0, 1.0, 0.0, 0.0]
At time: 494.3310794169993  CPU usage: [13.0, 13.0, 6.0, 3.0, 2.0, 2.0, 0.0, 0.0, 0.0, 0.0]
At time: 495.3369062499987  CPU usage: [8.0, 6.9, 2.0, 0.0, 0.0, 0.0, 0.0, 0.0, 0.0, 0.0]
At time: 496.34356800000023  CPU usage: [6.0, 4.0, 2.0, 2.0, 0.0, 0.0, 0.0, 0.0, 0.0, 0.0]
At time: 497.3468786670019  CPU usage: [5.0, 5.0, 1.0, 0.0, 0.0, 0.0, 0.0, 0.0, 0.0, 0.0]
At time: 498.3488231250012  CPU usage: [16.0, 11.0, 6.9, 3.0, 3.0, 0.0, 2.0, 0.0, 0.0, 0.0]
At time: 499.3549860419989  CPU usage: [24.0, 18.2, 13.0, 10.0, 5.0, 4.0, 1.0, 9.1, 1.0, 1.0]
At time: 500.35868287500125  CPU usage: [15.2, 11.9, 5.1, 5.0, 2.0, 1.0, 1.0, 8.8, 0.0, 1.0]
At time: 501.36429425000097  CPU usage: [24.8, 23.2, 14.9, 8.1, 7.9, 5.0, 13.0, 15.0, 12.9, 9.9]
At time: 502.3698107499986  CPU usage: [24.2, 22.2, 16.2, 12.0, 9.1, 6.0, 1.0, 1.0, 1.0, 1.0]
At time: 503.37224358299864  CPU usage: [16.0, 10.0, 5.9, 2.0, 2.0, 0.0, 0.0, 0.0, 0.0, 0.0]
At time: 504.37793816699923  CPU usage: [18.0, 10.0, 4.0, 1.0, 0.0, 1.0, 4.0, 7.9, 12.0, 4.0]
At time: 505.3817732079988  CPU usage: [12.0, 6.0, 3.0, 1.0, 0.0, 0.0, 2.0, 0.0, 0.0, 0.0]
At time: 506.38570470800187  CPU usage: [12.1, 11.0, 4.0, 1.0, 1.0, 0.0, 0.0, 3.9, 1.0, 0.0]
At time: 507.39226795799914  CPU usage: [17.8, 16.0, 7.0, 5.0, 2.0, 2.0, 3.0, 3.0, 3.0, 2.0]
At time: 508.3990461249996  CPU usage: [9.1, 8.0, 2.0, 2.0, 1.0, 0.0, 0.0, 0.0, 0.0, 0.0]
At time: 509.4036734580004  CPU usage: [16.0, 9.9, 4.0, 12.0, 1.0, 1.0, 9.0, 7.0, 13.0, 5.0]
At time: 510.4095716670017  CPU usage: [16.0, 15.0, 8.0, 5.0, 6.1, 3.0, 14.0, 14.9, 11.9, 9.0]
At time: 511.413895624999  CPU usage: [6.1, 5.0, 1.0, 2.0, 1.0, 0.0, 0.0, 0.0, 0.0, 0.0]
At time: 512.4195034580007  CPU usage: [28.7, 21.2, 16.0, 6.1, 4.0, 2.0, 5.0, 4.0, 2.0, 2.0]
At time: 513.4237255000007  CPU usage: [18.2, 20.0, 8.9, 4.0, 2.0, 0.0, 0.0, 0.0, 0.0, 0.0]
At time: 514.4279901250011  CPU usage: [8.9, 6.9, 5.0, 2.0, 2.0, 0.0, 6.9, 13.9, 4.0, 6.0]
At time: 515.4337445000019  CPU usage: [13.0, 10.0, 5.9, 2.0, 1.0, 1.0, 5.0, 4.0, 2.0, 2.0]
At time: 516.4405527919989  CPU usage: [5.0, 4.0, 2.0, 1.0, 0.0, 1.0, 0.0, 0.0, 0.0, 0.0]
At time: 517.4471694169988  CPU usage: [8.9, 6.9, 2.0, 2.0, 2.0, 0.0, 0.0, 1.0, 0.0, 0.0]
At time: 518.4536884170011  CPU usage: [7.1, 7.1, 3.0, 1.0, 0.0, 0.0, 3.0, 2.0, 2.0, 1.0]
At time: 519.4556911670006  CPU usage: [23.2, 19.0, 10.9, 6.9, 4.0, 3.0, 9.9, 10.9, 6.9, 7.9]
At time: 520.4576075000004  CPU usage: [9.9, 7.9, 3.0, 4.0, 1.0, 0.0, 0.0, 0.0, 0.0, 0.0]
At time: 521.4632627079991  CPU usage: [15.0, 10.1, 5.0, 3.0, 0.0, 1.0, 1.0, 2.0, 0.0, 0.0]
At time: 522.4659191669998  CPU usage: [18.2, 14.0, 6.0, 5.0, 1.0, 1.0, 1.0, 2.0, 0.0, 0.0]
At time: 523.4715044170007  CPU usage: [12.9, 8.9, 5.0, 2.0, 1.0, 0.0, 1.0, 0.0, 0.0, 0.0]
At time: 524.4772335000016  CPU usage: [17.0, 13.1, 5.0, 2.0, 1.0, 1.0, 1.0, 4.0, 0.0, 0.0]
At time: 525.482932750001  CPU usage: [17.0, 11.9, 3.0, 1.0, 1.0, 0.0, 1.0, 4.0, 0.0, 0.0]
At time: 526.4895550000001  CPU usage: [20.8, 13.0, 7.0, 4.0, 1.0, 0.0, 5.9, 6.9, 1.0, 2.0]
At time: 527.4928513750019  CPU usage: [21.2, 15.0, 7.9, 4.0, 1.0, 2.0, 0.0, 1.0, 0.0, 0.0]
At time: 528.4996306249996  CPU usage: [17.0, 14.0, 7.1, 5.9, 1.0, 0.0, 0.0, 0.0, 0.0, 0.0]
At time: 529.5062403750017  CPU usage: [9.1, 7.0, 2.0, 1.0, 1.0, 0.0, 2.0, 1.0, 0.0, 0.0]
At time: 530.5114272499995  CPU usage: [23.0, 17.0, 6.0, 2.0, 0.0, 0.0, 0.0, 2.0, 0.0, 0.0]
At time: 531.5171317079985  CPU usage: [16.8, 11.9, 4.0, 1.0, 5.0, 0.0, 0.0, 0.0, 0.0, 0.0]
At time: 532.5228317500005  CPU usage: [18.0, 10.1, 5.0, 1.0, 2.0, 2.0, 0.0, 0.0, 0.0, 0.0]
At time: 533.5289438330001  CPU usage: [13.1, 13.0, 4.0, 5.0, 1.0, 0.0, 0.0, 2.0, 1.0, 0.0]
At time: 534.5350292500007  CPU usage: [13.0, 13.0, 4.0, 1.0, 0.0, 0.0, 1.0, 3.0, 2.0, 1.0]
At time: 535.5411496250017  CPU usage: [7.0, 6.9, 2.0, 1.0, 0.0, 1.0, 0.0, 0.0, 0.0, 0.0]
At time: 536.5478140830019  CPU usage: [9.9, 5.1, 2.0, 2.0, 1.0, 0.0, 1.0, 0.0, 0.0, 0.0]
At time: 537.5519884999994  CPU usage: [14.1, 8.9, 4.0, 1.0, 0.0, 1.0, 0.0, 4.0, 0.0, 0.0]
At time: 538.558500916999  CPU usage: [14.0, 13.9, 5.0, 2.0, 1.0, 0.0, 2.0, 4.0, 0.0, 0.0]
At time: 539.5632906249994  CPU usage: [20.8, 14.0, 6.9, 3.0, 1.0, 1.0, 5.9, 6.0, 2.0, 1.0]
At time: 540.5690262919998  CPU usage: [17.3, 16.0, 7.0, 3.0, 2.0, 3.0, 6.0, 11.9, 3.0, 5.0]
At time: 541.5746582079992  CPU usage: [6.9, 2.0, 2.0, 2.0, 0.0, 0.0, 0.0, 0.0, 0.0, 0.0]
At time: 542.5802509169989  CPU usage: [15.8, 11.9, 3.0, 1.0, 0.0, 0.0, 0.0, 3.0, 0.0, 0.0]
At time: 543.5859470830001  CPU usage: [18.2, 10.0, 3.0, 2.9, 1.0, 1.0, 0.0, 0.0, 0.0, 0.0]
At time: 544.5897452499994  CPU usage: [14.1, 13.1, 5.0, 2.0, 2.0, 1.0, 0.0, 0.0, 0.0, 0.0]
At time: 545.5930513329986  CPU usage: [15.8, 10.9, 4.0, 2.0, 0.0, 0.0, 0.0, 0.0, 0.0, 0.0]
At time: 546.599586291999  CPU usage: [13.1, 17.0, 3.0, 2.0, 0.0, 0.0, 0.0, 0.0, 0.0, 0.0]
At time: 547.6064614999996  CPU usage: [15.0, 10.1, 6.0, 3.0, 2.0, 2.0, 3.0, 5.0, 4.0, 3.0]
At time: 548.6092749999989  CPU usage: [19.0, 12.7, 7.0, 4.0, 2.0, 3.0, 3.0, 3.0, 3.0, 3.0]
At time: 549.6154735829987  CPU usage: [14.0, 17.2, 4.0, 2.0, 0.0, 1.0, 2.9, 0.0, 1.0, 0.0]
At time: 550.621777583001  CPU usage: [17.0, 12.0, 6.0, 5.0, 2.0, 1.0, 5.0, 2.0, 0.0, 0.0]
At time: 551.6253370000013  CPU usage: [30.3, 17.2, 13.9, 11.0, 4.0, 2.0, 2.0, 4.9, 1.0, 1.0]
At time: 552.6265300420018  CPU usage: [21.8, 15.0, 14.1, 10.1, 3.0, 5.1, 1.0, 2.0, 0.0, 0.0]
At time: 553.6297317919998  CPU usage: [19.2, 14.0, 11.0, 14.0, 5.0, 4.0, 0.0, 0.0, 0.0, 0.0]
At time: 554.6356530420016  CPU usage: [16.0, 14.9, 4.0, 2.0, 0.0, 1.0, 1.0, 2.0, 0.0, 0.0]
At time: 555.6424558750005  CPU usage: [15.8, 9.0, 3.0, 1.0, 0.0, 0.0, 0.0, 0.0, 0.0, 0.0]
At time: 556.6491017080007  CPU usage: [18.2, 19.0, 5.1, 2.0, 2.0, 0.0, 0.0, 1.0, 0.0, 0.0]
At time: 557.6556435829989  CPU usage: [11.0, 10.1, 3.0, 2.0, 0.0, 0.0, 0.0, 0.0, 0.0, 0.0]
At time: 558.6620569580009  CPU usage: [16.0, 9.0, 3.9, 1.0, 0.0, 1.0, 0.0, 0.0, 0.0, 0.0]
At time: 559.6682942920015  CPU usage: [13.0, 10.9, 2.0, 2.0, 1.0, 1.0, 0.0, 0.0, 0.0, 0.0]
At time: 560.6744147919999  CPU usage: [20.0, 14.1, 7.0, 5.0, 2.0, 0.0, 0.0, 2.9, 0.0, 0.0]
At time: 561.6801849170006  CPU usage: [27.0, 19.0, 7.0, 2.0, 0.0, 1.0, 0.0, 3.0, 0.0, 0.0]
At time: 562.6852477499997  CPU usage: [13.0, 10.0, 3.0, 2.0, 0.0, 1.0, 0.0, 0.0, 0.0, 0.0]
At time: 563.6887868330014  CPU usage: [18.2, 12.0, 4.0, 2.0, 6.0, 0.0, 3.0, 8.0, 1.0, 2.0]
At time: 564.6912674580017  CPU usage: [25.7, 17.2, 5.1, 2.0, 1.0, 0.0, 7.0, 2.0, 0.0, 0.0]
At time: 565.6980431670017  CPU usage: [12.1, 10.0, 5.9, 2.0, 0.0, 1.0, 0.0, 0.0, 0.0, 0.0]
At time: 566.7048151250019  CPU usage: [18.2, 14.9, 6.1, 3.0, 1.0, 1.0, 0.0, 1.0, 1.0, 0.0]
At time: 567.7110267499993  CPU usage: [15.0, 9.0, 5.9, 3.0, 0.0, 0.0, 0.0, 1.0, 0.0, 0.0]
At time: 568.7141674580016  CPU usage: [12.0, 12.1, 3.0, 1.0, 1.0, 1.0, 0.0, 0.0, 0.0, 0.0]
At time: 569.7204347080005  CPU usage: [15.0, 15.2, 5.9, 3.0, 1.0, 1.0, 0.0, 2.0, 0.0, 0.0]
At time: 570.7246431669992  CPU usage: [17.0, 13.9, 7.0, 2.0, 2.0, 2.0, 7.9, 6.0, 3.0, 4.0]
At time: 571.7300279580013  CPU usage: [17.2, 13.0, 6.9, 2.0, 1.0, 0.0, 0.0, 0.0, 0.0, 0.0]
At time: 572.7357530420013  CPU usage: [16.8, 10.0, 7.1, 2.0, 2.0, 1.0, 3.0, 4.0, 2.0, 0.0]
At time: 573.7388189170015  CPU usage: [13.0, 10.0, 3.0, 1.0, 0.0, 0.0, 0.0, 0.0, 0.0, 0.0]
At time: 574.7455467500004  CPU usage: [18.0, 11.1, 10.0, 2.0, 0.0, 0.0, 3.0, 5.0, 0.0, 1.0]
At time: 575.7480360000009  CPU usage: [11.0, 5.9, 4.0, 2.0, 2.0, 1.0, 1.0, 2.0, 1.0, 0.0]
At time: 576.7548306669996  CPU usage: [3.0, 4.0, 1.0, 0.0, 0.0, 0.0, 0.0, 0.0, 0.0, 0.0]
At time: 577.7610214580018  CPU usage: [9.9, 4.0, 2.9, 0.0, 0.0, 0.0, 0.0, 1.0, 0.0, 1.0]
At time: 578.7653987919985  CPU usage: [14.1, 8.9, 2.0, 2.0, 0.0, 0.0, 0.0, 2.0, 0.0, 0.0]
At time: 579.7711924579999  CPU usage: [8.0, 7.0, 2.0, 2.0, 0.0, 0.0, 0.0, 1.0, 0.0, 0.0]
At time: 580.7770024169986  CPU usage: [7.9, 5.0, 2.0, 0.0, 0.0, 0.0, 0.0, 1.0, 0.0, 0.0]
At time: 581.7825946670018  CPU usage: [9.0, 6.0, 1.0, 1.0, 0.0, 0.0, 2.9, 2.0, 0.0, 0.0]
At time: 582.788193417  CPU usage: [13.0, 13.0, 4.0, 1.0, 2.0, 0.0, 1.0, 4.0, 0.0, 0.0]
At time: 583.7937822079984  CPU usage: [9.9, 11.0, 2.0, 1.0, 0.0, 0.0, 0.0, 3.0, 0.0, 0.0]
At time: 584.7974684580004  CPU usage: [9.0, 8.0, 2.0, 2.0, 0.0, 1.0, 1.0, 5.0, 1.0, 0.0]
At time: 585.8043800000014  CPU usage: [16.0, 15.8, 5.0, 1.0, 0.0, 0.0, 1.0, 3.0, 0.0, 0.0]
At time: 586.8112035420017  CPU usage: [13.9, 10.0, 4.0, 2.0, 0.0, 0.0, 1.0, 2.0, 0.0, 0.0]
At time: 587.8176602919993  CPU usage: [12.0, 10.1, 4.0, 1.0, 2.0, 1.0, 0.0, 5.0, 0.0, 0.0]
At time: 588.8235058329992  CPU usage: [6.0, 7.9, 1.0, 1.0, 0.0, 0.0, 0.0, 2.0, 0.0, 0.0]
At time: 589.8276226250018  CPU usage: [8.0, 5.0, 3.0, 1.0, 0.0, 0.0, 0.0, 1.0, 0.0, 0.0]
At time: 590.8301180419985  CPU usage: [7.0, 7.9, 3.0, 1.0, 0.0, 0.0, 0.0, 1.0, 0.0, 0.0]
At time: 591.8357991670018  CPU usage: [11.1, 8.1, 1.0, 0.0, 0.0, 0.0, 0.0, 3.0, 0.0, 0.0]
At time: 592.8385377919985  CPU usage: [12.0, 12.0, 4.0, 2.0, 2.0, 1.0, 1.0, 5.0, 0.0, 0.0]
At time: 593.8442259580006  CPU usage: [17.0, 11.9, 3.0, 2.0, 0.0, 0.0, 0.0, 7.9, 0.0, 0.0]
At time: 594.8473525000009  CPU usage: [14.0, 8.1, 3.0, 1.0, 0.0, 1.0, 0.0, 3.0, 0.0, 0.0]
At time: 595.854081292  CPU usage: [11.1, 12.0, 2.0, 2.0, 1.0, 0.0, 0.0, 4.0, 0.0, 0.0]
At time: 596.8554647919991  CPU usage: [13.0, 12.0, 5.0, 1.0, 0.0, 0.0, 1.0, 3.0, 0.0, 0.0]
At time: 597.8583005  CPU usage: [13.9, 13.9, 4.0, 2.0, 1.0, 1.0, 2.0, 5.0, 1.0, 0.0]
At time: 598.8640749580009  CPU usage: [12.0, 12.0, 3.0, 2.0, 0.0, 0.0, 1.0, 5.0, 0.0, 0.0]
At time: 599.8697535829997  CPU usage: [6.0, 5.0, 2.0, 1.0, 1.0, 0.0, 0.0, 1.0, 0.0, 0.0]
At time: 600.8753551670015  CPU usage: [9.9, 6.0, 3.0, 2.0, 3.0, 1.0, 9.9, 5.0, 2.0, 4.0]
At time: 601.8810010000016  CPU usage: [14.9, 10.1, 5.0, 1.0, 0.0, 0.0, 1.0, 4.0, 0.0, 0.0]
At time: 602.8866518750001  CPU usage: [13.1, 16.8, 4.0, 3.0, 0.0, 1.0, 1.0, 5.0, 1.0, 0.0]
At time: 603.8885047080003  CPU usage: [11.0, 9.1, 3.0, 2.0, 1.0, 0.0, 0.0, 5.9, 1.0, 0.0]
At time: 604.8944349580015  CPU usage: [10.1, 13.9, 3.0, 3.0, 1.0, 0.0, 3.0, 2.0, 0.0, 0.0]
At time: 605.8978312920008  CPU usage: [8.1, 5.0, 2.0, 0.0, 0.0, 0.0, 0.0, 0.0, 0.0, 0.0]
At time: 606.9043894579991  CPU usage: [9.1, 6.0, 2.0, 0.0, 0.0, 0.0, 0.0, 0.0, 0.0, 0.0]
At time: 607.9084938330016  CPU usage: [7.8, 5.0, 2.0, 2.0, 0.0, 0.0, 0.0, 2.0, 0.0, 0.0]
At time: 608.9141212920003  CPU usage: [14.0, 10.1, 4.0, 0.0, 0.0, 0.0, 1.0, 2.0, 0.0, 0.0]
At time: 609.9156202080012  CPU usage: [7.1, 5.9, 2.0, 2.0, 1.0, 0.0, 1.0, 1.0, 1.0, 0.0]
At time: 610.9201399170015  CPU usage: [11.9, 7.9, 2.0, 0.0, 0.0, 1.0, 2.0, 2.0, 0.0, 0.0]
At time: 611.9230034579996  CPU usage: [13.1, 8.1, 2.0, 1.0, 1.0, 0.0, 1.0, 6.0, 0.0, 0.0]
At time: 612.9267949579989  CPU usage: [13.1, 13.0, 4.0, 2.0, 0.0, 1.0, 2.0, 4.0, 1.0, 0.0]
At time: 613.9301905829998  CPU usage: [8.0, 9.0, 2.0, 1.0, 0.0, 0.0, 0.0, 4.0, 0.0, 0.0]
At time: 614.9353308749996  CPU usage: [15.0, 11.1, 3.0, 1.0, 0.0, 0.0, 0.0, 4.0, 0.0, 0.0]
At time: 615.9397720000015  CPU usage: [11.9, 9.9, 4.0, 1.0, 0.0, 0.0, 1.0, 4.0, 1.0, 0.0]
At time: 616.942928542001  CPU usage: [12.0, 10.0, 2.0, 1.0, 1.0, 0.0, 1.0, 3.0, 0.0, 0.0]
At time: 617.9495634999985  CPU usage: [6.0, 4.0, 2.0, 0.0, 0.0, 0.0, 0.0, 0.0, 0.0, 0.0]
At time: 618.9551089580018  CPU usage: [7.0, 7.9, 1.0, 2.0, 1.0, 0.0, 1.0, 1.0, 1.0, 0.0]
At time: 619.9606919170001  CPU usage: [17.0, 12.1, 3.0, 1.0, 0.0, 0.0, 2.0, 4.0, 0.0, 0.0]
At time: 620.9636946669998  CPU usage: [16.0, 13.0, 4.0, 1.0, 0.0, 0.0, 1.0, 4.0, 2.0, 0.0]
At time: 621.965820458001  CPU usage: [11.0, 12.0, 2.0, 2.0, 0.0, 0.0, 1.0, 4.0, 0.0, 0.0]
At time: 622.9704098750008  CPU usage: [14.0, 9.0, 3.0, 2.0, 2.0, 1.0, 0.0, 5.9, 0.0, 0.0]
At time: 623.9741410419992  CPU usage: [11.1, 9.1, 3.0, 1.0, 0.0, 0.0, 1.0, 5.0, 1.0, 0.0]
At time: 624.9799713329994  CPU usage: [5.9, 3.0, 1.0, 1.0, 0.0, 0.0, 0.0, 1.0, 0.0, 0.0]
At time: 625.9860823749987  CPU usage: [7.0, 5.0, 1.0, 0.0, 0.0, 0.0, 2.0, 0.0, 0.0, 0.0]
At time: 626.9885884579999  CPU usage: [12.0, 8.9, 5.0, 1.0, 0.0, 0.0, 0.0, 5.9, 0.0, 0.0]
At time: 627.9952541249986  CPU usage: [14.0, 11.0, 3.0, 1.0, 0.0, 0.0, 1.0, 5.0, 1.0, 0.0]
At time: 628.9971092919986  CPU usage: [8.0, 9.0, 2.0, 1.0, 0.0, 1.0, 3.0, 4.0, 0.0, 0.0]
At time: 629.9996792080019  CPU usage: [10.1, 7.9, 2.0, 1.0, 0.0, 0.0, 0.0, 2.0, 0.0, 0.0]
At time: 631.0052694170008  CPU usage: [6.0, 4.0, 2.0, 2.0, 2.0, 1.0, 7.0, 6.1, 3.0, 4.0]
At time: 632.0063569999984  CPU usage: [10.0, 9.0, 5.0, 2.0, 0.0, 2.0, 3.0, 5.0, 2.0, 0.0]
At time: 633.0120002080002  CPU usage: [13.9, 12.0, 3.0, 1.0, 1.0, 0.0, 1.0, 5.9, 1.0, 0.0]
At time: 634.0175861669995  CPU usage: [12.0, 9.0, 2.0, 2.0, 1.0, 0.0, 0.0, 4.0, 0.0, 0.0]
At time: 635.0219999170004  CPU usage: [9.1, 8.9, 2.0, 0.0, 0.0, 0.0, 1.0, 2.0, 0.0, 0.0]
At time: 636.0281598330002  CPU usage: [8.0, 11.0, 2.0, 2.0, 0.0, 0.0, 0.0, 2.0, 0.0, 0.0]
At time: 637.0312972499996  CPU usage: [12.0, 9.0, 3.0, 0.0, 0.0, 0.0, 0.0, 3.0, 0.0, 0.0]
At time: 638.032625374999  CPU usage: [14.0, 14.0, 2.0, 2.0, 0.0, 0.0, 1.0, 6.9, 1.0, 0.0]
At time: 639.0382145420008  CPU usage: [12.0, 11.0, 3.0, 1.0, 0.0, 0.0, 1.0, 4.0, 0.0, 0.0]
At time: 640.0431374170003  CPU usage: [14.9, 10.9, 5.0, 1.0, 2.0, 0.0, 2.0, 4.9, 0.0, 0.0]
At time: 641.0487406249995  CPU usage: [12.1, 8.1, 3.0, 1.0, 0.0, 2.0, 1.0, 2.0, 0.0, 0.0]
At time: 642.0542915000005  CPU usage: [17.8, 13.0, 5.0, 2.0, 0.0, 0.0, 9.0, 6.0, 2.0, 1.0]
At time: 643.0588872500011  CPU usage: [29.0, 19.8, 13.1, 6.0, 2.0, 1.0, 3.0, 7.9, 1.0, 0.0]
At time: 644.0601215419993  CPU usage: [18.2, 12.1, 5.0, 1.0, 2.0, 0.0, 2.0, 3.0, 0.0, 0.0]
At time: 645.0657963750018  CPU usage: [12.9, 11.9, 4.9, 1.0, 0.0, 0.0, 1.0, 4.0, 1.0, 0.0]
At time: 646.0715720830012  CPU usage: [14.0, 15.2, 3.0, 1.0, 0.0, 1.0, 2.0, 5.9, 0.0, 0.0]
At time: 647.0781077079992  CPU usage: [13.0, 10.9, 3.0, 2.0, 0.0, 0.0, 0.0, 4.0, 0.0, 0.0]
At time: 648.0843450829998  CPU usage: [12.0, 8.0, 3.0, 2.0, 0.0, 0.0, 2.0, 3.0, 1.0, 0.0]
At time: 649.0899608750005  CPU usage: [14.0, 11.1, 3.0, 0.0, 1.0, 0.0, 0.0, 3.0, 0.0, 0.0]
At time: 650.0955724170017  CPU usage: [13.0, 10.1, 3.0, 2.0, 1.0, 0.0, 0.0, 6.1, 0.0, 0.0]
At time: 651.0970075000005  CPU usage: [9.9, 7.0, 3.0, 1.0, 0.0, 0.0, 1.0, 2.0, 0.0, 0.0]
At time: 652.1025943329987  CPU usage: [18.0, 12.9, 3.0, 1.0, 0.0, 1.0, 3.0, 5.9, 0.0, 0.0]
At time: 653.1078308329998  CPU usage: [13.1, 8.1, 3.0, 2.0, 1.0, 1.0, 0.0, 4.0, 1.0, 0.0]
At time: 654.1134854580014  CPU usage: [10.0, 11.9, 3.9, 3.0, 1.0, 0.0, 3.0, 5.9, 6.0, 0.0]
At time: 655.1191415829999  CPU usage: [9.9, 8.9, 3.0, 1.0, 0.0, 0.0, 0.0, 3.0, 0.0, 0.0]
At time: 656.1250824579984  CPU usage: [12.0, 9.1, 3.0, 1.0, 0.0, 0.0, 1.0, 2.0, 0.0, 0.0]
At time: 657.1312303330014  CPU usage: [16.0, 12.9, 4.0, 2.0, 1.0, 1.0, 1.0, 6.9, 0.0, 0.0]
At time: 658.1378332919994  CPU usage: [5.0, 4.0, 2.0, 1.0, 0.0, 0.0, 0.0, 0.0, 0.0, 0.0]
At time: 659.1388774580009  CPU usage: [9.0, 7.0, 2.0, 1.0, 1.0, 0.0, 0.0, 2.0, 0.0, 0.0]
At time: 660.1444772920004  CPU usage: [9.0, 7.0, 2.0, 0.0, 0.0, 0.0, 0.0, 0.0, 0.0, 0.0]
At time: 661.1471061670018  CPU usage: [12.0, 8.1, 6.0, 2.0, 0.0, 0.0, 7.0, 29.0, 4.0, 7.9]
At time: 662.1490736250016  CPU usage: [18.4, 17.0, 9.1, 8.9, 7.1, 7.0, 0.0, 5.0, 0.0, 0.0]
At time: 663.1499453329998  CPU usage: [20.6, 13.9, 8.9, 6.0, 5.0, 5.9, 0.0, 1.0, 1.0, 0.0]
At time: 664.1558846670014  CPU usage: [9.1, 9.0, 2.0, 2.0, 0.0, 0.0, 1.0, 4.0, 1.0, 0.0]
At time: 665.1572611670017  CPU usage: [10.0, 7.1, 2.0, 1.0, 0.0, 0.0, 0.0, 3.0, 0.0, 0.0]
At time: 666.1630048330007  CPU usage: [16.0, 11.9, 4.0, 1.0, 1.0, 0.0, 0.0, 5.0, 0.0, 0.0]
At time: 667.1686452079994  CPU usage: [14.7, 10.9, 3.0, 1.0, 0.0, 0.0, 0.0, 6.9, 0.0, 0.0]
At time: 668.1744927079999  CPU usage: [8.2, 7.1, 2.0, 1.0, 1.0, 0.0, 6.0, 9.1, 5.9, 3.0]
At time: 669.1760361669985  CPU usage: [7.0, 6.0, 2.0, 1.0, 0.0, 0.0, 6.0, 5.0, 2.0, 1.0]
At time: 670.1794179579992  CPU usage: [34.0, 24.5, 14.0, 13.0, 12.0, 4.0, 33.7, 44.0, 35.3, 21.8]
At time: 671.1849597500004  CPU usage: [28.0, 23.8, 19.2, 14.0, 9.0, 7.9, 30.3, 13.0, 10.1, 12.1]
At time: 672.1874815420015  CPU usage: [21.2, 19.2, 11.9, 9.9, 4.0, 1.0, 39.6, 5.9, 4.0, 11.8]
At time: 673.1929014580019  CPU usage: [10.9, 9.9, 5.0, 2.0, 1.0, 2.0, 0.0, 0.0, 0.0, 0.0]
At time: 674.1984107079988  CPU usage: [14.1, 10.9, 5.0, 5.0, 2.0, 0.0, 2.0, 1.0, 1.0, 0.0]
At time: 675.2041231250005  CPU usage: [5.9, 4.0, 2.0, 0.0, 0.0, 0.0, 0.0, 0.0, 0.0, 0.0]
At time: 676.2055722080004  CPU usage: [9.0, 7.0, 4.0, 2.0, 1.0, 0.0, 2.0, 4.0, 3.0, 3.0]
At time: 677.2115232079996  CPU usage: [43.9, 35.0, 21.8, 15.0, 11.9, 9.9, 9.0, 10.0, 8.0, 9.0]
At time: 678.2138149169987  CPU usage: [30.0, 22.4, 14.1, 10.0, 6.1, 6.0, 1.0, 2.0, 1.0, 1.0]
At time: 679.2197606250011  CPU usage: [51.5, 35.0, 29.0, 18.0, 13.9, 7.0, 2.0, 1.0, 0.0, 1.0]
At time: 680.2233780419992  CPU usage: [25.0, 16.0, 7.0, 4.0, 1.0, 0.0, 0.0, 1.0, 0.0, 0.0]
At time: 681.2289307499996  CPU usage: [18.0, 14.1, 8.0, 5.9, 4.0, 6.9, 8.0, 12.0, 7.0, 7.0]
At time: 682.2325487499984  CPU usage: [21.0, 19.0, 6.0, 3.0, 0.0, 0.0, 7.0, 8.9, 7.0, 5.9]
At time: 683.2378032919987  CPU usage: [16.2, 16.0, 5.0, 3.0, 1.0, 1.0, 5.0, 8.1, 4.0, 3.0]
At time: 684.2433935000008  CPU usage: [5.9, 4.0, 4.0, 0.0, 0.0, 0.0, 1.0, 1.0, 0.0, 0.0]
At time: 685.2480980830005  CPU usage: [16.2, 15.8, 9.0, 5.0, 4.0, 2.0, 3.0, 4.0, 4.0, 3.0]
At time: 686.2536658329991  CPU usage: [15.0, 11.1, 5.0, 4.0, 0.0, 1.0, 4.0, 5.9, 5.0, 2.0]
At time: 687.2598164170013  CPU usage: [15.0, 17.6, 4.0, 3.0, 1.0, 1.0, 1.0, 4.0, 0.0, 0.0]
At time: 688.2637077500003  CPU usage: [15.8, 13.1, 6.0, 3.0, 2.0, 0.0, 0.0, 6.0, 0.0, 0.0]
At time: 689.2697764170007  CPU usage: [11.0, 9.0, 5.0, 1.0, 0.0, 0.0, 2.0, 4.0, 1.0, 0.0]
At time: 690.2736559580007  CPU usage: [15.0, 11.9, 4.0, 1.0, 1.0, 1.0, 0.0, 5.0, 0.0, 0.0]
At time: 691.279222833  CPU usage: [9.0, 6.0, 5.9, 1.0, 0.0, 0.0, 0.0, 1.0, 0.0, 0.0]
At time: 692.2848099170005  CPU usage: [10.9, 8.0, 6.1, 3.0, 2.0, 2.0, 4.0, 3.0, 1.0, 0.0]
At time: 693.2888189580008  CPU usage: [28.3, 14.0, 7.9, 3.0, 1.0, 0.0, 1.0, 9.9, 0.0, 3.0]
At time: 694.2944717499995  CPU usage: [17.8, 11.0, 2.0, 2.0, 1.0, 0.0, 2.0, 4.0, 0.0, 0.0]
At time: 695.2991515419999  CPU usage: [21.2, 17.0, 5.9, 2.0, 1.0, 1.0, 1.0, 6.0, 0.0, 0.0]
At time: 696.302368875  CPU usage: [16.2, 15.2, 7.9, 3.0, 1.0, 0.0, 2.0, 6.0, 5.9, 2.9]
At time: 697.3080799169984  CPU usage: [22.8, 11.9, 4.0, 2.0, 1.0, 0.0, 1.0, 6.9, 0.0, 0.0]
At time: 698.3144399170014  CPU usage: [18.2, 15.2, 5.0, 4.0, 1.0, 5.9, 0.0, 6.9, 0.0, 0.0]
At time: 699.3199975829993  CPU usage: [27.0, 18.8, 5.0, 2.0, 1.0, 0.0, 0.0, 7.9, 1.0, 0.0]
At time: 700.3256365419984  CPU usage: [28.3, 22.0, 7.0, 3.0, 1.0, 3.0, 2.9, 15.2, 1.0, 1.0]
At time: 701.3313057919986  CPU usage: [17.8, 15.0, 7.0, 3.0, 2.0, 2.0, 0.0, 1.0, 0.0, 0.0]
At time: 702.3370126250011  CPU usage: [15.0, 11.9, 3.0, 1.0, 0.0, 0.0, 0.0, 0.0, 0.0, 0.0]
At time: 703.342625833  CPU usage: [14.1, 9.0, 5.9, 2.0, 2.0, 0.0, 0.0, 0.0, 0.0, 0.0]
At time: 704.3482994170008  CPU usage: [21.8, 11.1, 6.0, 1.0, 0.0, 1.0, 5.0, 2.9, 2.0, 1.0]
At time: 705.3539071669984  CPU usage: [4.0, 4.0, 0.0, 1.0, 0.0, 0.0, 0.0, 0.0, 0.0, 0.0]
At time: 706.3594875000017  CPU usage: [5.0, 3.0, 2.0, 1.0, 1.0, 1.0, 0.0, 0.0, 0.0, 0.0]
At time: 707.3638647500011  CPU usage: [8.0, 7.9, 2.0, 2.0, 1.0, 0.0, 0.0, 1.0, 0.0, 0.0]
At time: 708.3699043749984  CPU usage: [4.0, 4.0, 1.0, 0.0, 0.0, 0.0, 0.0, 0.0, 0.0, 0.0]
At time: 709.3749082920003  CPU usage: [11.0, 9.0, 3.0, 0.0, 0.0, 0.0, 1.0, 0.0, 0.0, 0.0]
At time: 710.3805723330006  CPU usage: [10.9, 5.1, 2.0, 2.0, 0.0, 0.0, 0.0, 1.0, 0.0, 0.0]
At time: 711.3861119169997  CPU usage: [15.0, 13.9, 3.0, 0.0, 0.0, 1.0, 1.0, 4.0, 0.0, 1.0]
At time: 712.3887474580006  CPU usage: [13.0, 11.0, 3.9, 5.0, 1.0, 0.0, 1.0, 5.0, 0.0, 0.0]
At time: 713.394291749999  CPU usage: [12.0, 10.0, 3.0, 1.0, 1.0, 0.0, 6.0, 6.9, 0.0, 0.0]
At time: 714.3982621670002  CPU usage: [8.9, 6.1, 4.0, 1.0, 0.0, 1.0, 3.0, 2.0, 1.0, 0.0]
At time: 715.4038365829983  CPU usage: [23.0, 14.0, 8.1, 4.0, 2.0, 3.0, 5.9, 6.9, 1.0, 1.0]
At time: 716.4078494169989  CPU usage: [15.2, 9.0, 5.0, 3.0, 1.0, 0.0, 1.0, 1.0, 1.0, 1.0]
At time: 717.411103082999  CPU usage: [6.0, 5.0, 2.0, 1.0, 0.0, 0.0, 0.0, 0.0, 0.0, 0.0]
At time: 718.4161652920011  CPU usage: [12.9, 8.1, 4.0, 3.0, 1.0, 1.0, 0.0, 2.0, 0.0, 0.0]
At time: 719.4217957920009  CPU usage: [26.3, 14.0, 5.0, 2.0, 1.0, 0.0, 0.0, 2.0, 0.0, 0.0]
At time: 720.4274486670001  CPU usage: [16.0, 13.0, 6.0, 2.0, 0.0, 0.0, 2.0, 7.0, 1.0, 2.0]
At time: 721.4280710829989  CPU usage: [10.0, 5.9, 2.0, 2.0, 0.0, 0.0, 0.0, 0.0, 0.0, 0.0]
At time: 722.4336974580001  CPU usage: [11.1, 12.1, 3.0, 0.0, 1.0, 1.0, 4.0, 4.0, 2.0, 2.0]
At time: 723.4380150420002  CPU usage: [29.0, 22.0, 15.0, 8.0, 3.0, 3.0, 5.9, 6.0, 4.0, 4.0]
At time: 724.4434395829994  CPU usage: [26.7, 24.0, 21.8, 19.8, 18.8, 16.0, 7.0, 8.9, 7.0, 6.9]
At time: 725.4487321669985  CPU usage: [19.2, 13.0, 5.1, 6.0, 3.0, 3.0, 35.6, 47.5, 57.0, 27.0]
At time: 726.4543690829996  CPU usage: [8.9, 6.0, 5.0, 2.0, 1.0, 1.0, 5.1, 5.0, 8.0, 3.0]
At time: 727.460025542001  CPU usage: [6.1, 8.0, 3.0, 1.0, 1.0, 0.0, 5.9, 40.4, 11.9, 3.0]
At time: 728.460732083  CPU usage: [21.0, 18.2, 10.9, 7.8, 5.0, 4.0, 7.0, 7.0, 6.0, 5.0]
At time: 729.4662345830002  CPU usage: [22.0, 17.0, 13.0, 7.1, 5.0, 1.0, 0.0, 0.0, 0.0, 0.0]
At time: 730.4699928750015  CPU usage: [13.1, 12.0, 8.0, 4.0, 0.0, 1.0, 0.0, 0.0, 0.0, 0.0]
At time: 731.4712550830009  CPU usage: [36.0, 27.3, 17.2, 10.0, 5.0, 2.0, 0.0, 2.0, 0.0, 0.0]
At time: 732.4767901669984  CPU usage: [30.0, 25.0, 15.0, 10.0, 7.0, 5.0, 18.2, 19.0, 18.0, 17.0]
At time: 733.4824265419993  CPU usage: [22.2, 18.4, 12.1, 7.9, 5.0, 5.0, 2.0, 2.0, 1.0, 1.0]
At time: 734.4880255419994  CPU usage: [4.0, 5.9, 3.0, 2.0, 0.0, 0.0, 0.0, 0.0, 0.0, 0.0]
At time: 735.493563  CPU usage: [8.9, 5.9, 3.0, 0.0, 0.0, 0.0, 0.0, 0.0, 0.0, 0.0]
At time: 736.4992094580011  CPU usage: [28.6, 25.3, 11.1, 6.0, 4.0, 2.0, 10.0, 9.0, 7.0, 7.9]
At time: 737.5014970000011  CPU usage: [16.8, 14.0, 7.9, 5.0, 1.0, 0.0, 1.0, 0.0, 0.0, 0.0]
At time: 738.5072962080012  CPU usage: [33.3, 26.5, 15.2, 8.0, 4.0, 2.0, 2.0, 1.0, 2.0, 1.0]
At time: 739.5098724169984  CPU usage: [24.2, 18.0, 10.1, 7.0, 4.0, 4.0, 14.0, 12.0, 14.1, 9.0]
At time: 740.5113780829997  CPU usage: [29.0, 23.0, 13.0, 7.0, 4.0, 3.0, 3.0, 5.9, 3.0, 2.0]
At time: 741.5169853330008  CPU usage: [32.0, 28.0, 19.0, 9.9, 5.0, 6.9, 5.0, 6.9, 1.0, 1.0]
At time: 742.5225892499984  CPU usage: [18.0, 14.1, 9.0, 5.0, 3.0, 2.0, 7.0, 6.0, 8.8, 5.9]
At time: 743.5282200830006  CPU usage: [36.0, 29.7, 18.2, 10.9, 9.0, 3.0, 1.0, 1.0, 0.0, 0.0]
At time: 744.5338840830009  CPU usage: [19.2, 16.2, 7.9, 3.0, 1.0, 0.0, 3.0, 5.0, 4.0, 2.0]
At time: 745.5394626669986  CPU usage: [26.3, 17.0, 11.0, 5.9, 5.0, 2.0, 21.0, 22.8, 21.8, 18.2]
At time: 746.5451075419987  CPU usage: [19.0, 13.0, 6.9, 5.0, 1.0, 2.0, 2.0, 1.0, 0.0, 0.0]
At time: 747.5508406670015  CPU usage: [12.0, 11.9, 5.1, 3.0, 2.0, 0.0, 0.0, 0.0, 0.0, 0.0]
At time: 748.556604166999  CPU usage: [12.1, 10.1, 6.9, 4.0, 1.0, 0.0, 0.0, 0.0, 0.0, 0.0]
At time: 749.5622289999992  CPU usage: [5.9, 5.0, 1.0, 0.0, 0.0, 0.0, 0.0, 0.0, 0.0, 0.0]
At time: 750.5678355000018  CPU usage: [6.0, 5.0, 3.0, 1.0, 1.0, 0.0, 0.0, 0.0, 0.0, 0.0]
At time: 751.5734485419998  CPU usage: [6.0, 5.9, 2.0, 1.0, 0.0, 1.0, 1.0, 0.0, 0.0, 0.0]
At time: 752.5769909580013  CPU usage: [6.1, 8.1, 2.0, 2.0, 2.0, 1.0, 2.0, 4.0, 2.0, 0.0]
At time: 753.577734292001  CPU usage: [23.8, 18.0, 10.0, 6.0, 2.0, 2.0, 6.0, 5.9, 4.0, 4.9]
At time: 754.5833329580018  CPU usage: [24.2, 15.0, 8.9, 6.0, 6.0, 3.0, 9.9, 5.0, 4.0, 4.0]
At time: 755.5889900420007  CPU usage: [20.8, 18.0, 9.0, 4.0, 5.0, 1.0, 5.9, 12.0, 4.0, 3.0]
At time: 756.5895864580016  CPU usage: [18.0, 15.0, 9.0, 5.0, 3.0, 2.0, 6.1, 14.0, 6.0, 5.0]
At time: 757.5951837920002  CPU usage: [4.0, 3.0, 1.0, 2.0, 1.0, 0.0, 0.0, 0.0, 0.0, 0.0]
At time: 758.5995360829984  CPU usage: [5.0, 4.0, 3.0, 1.0, 0.0, 0.0, 2.0, 4.9, 2.0, 0.0]
At time: 759.6051519169996  CPU usage: [24.0, 14.9, 6.9, 4.0, 3.0, 2.0, 5.0, 5.1, 2.0, 3.0]
At time: 760.6056175420017  CPU usage: [5.1, 3.0, 3.0, 2.0, 1.0, 1.0, 1.0, 2.0, 1.0, 0.0]
At time: 761.6111523330001  CPU usage: [6.0, 6.9, 2.0, 1.0, 0.0, 0.0, 0.0, 0.0, 0.0, 0.0]
At time: 762.6168163330003  CPU usage: [5.0, 3.0, 2.0, 1.0, 1.0, 0.0, 0.0, 2.0, 0.0, 1.0]
At time: 763.6224587500001  CPU usage: [14.0, 12.0, 5.0, 3.0, 0.0, 1.0, 1.0, 0.0, 1.0, 0.0]
At time: 764.6281307499994  CPU usage: [9.0, 10.1, 5.0, 3.0, 1.0, 0.0, 0.0, 0.0, 0.0, 0.0]
At time: 765.6337907500019  CPU usage: [21.0, 13.9, 5.1, 2.0, 1.0, 0.0, 5.0, 5.9, 2.0, 1.0]
At time: 766.6391112919991  CPU usage: [20.0, 16.3, 8.9, 5.9, 4.0, 3.0, 7.0, 7.1, 5.0, 5.0]
At time: 767.6412074170003  CPU usage: [16.0, 13.9, 8.0, 7.0, 4.0, 3.0, 6.0, 6.9, 6.0, 4.0]
At time: 768.6470206670019  CPU usage: [22.0, 18.2, 8.1, 5.0, 2.0, 0.0, 1.0, 1.0, 2.0, 0.0]
At time: 769.6496247920004  CPU usage: [11.0, 9.0, 5.0, 1.0, 0.0, 1.0, 1.0, 0.0, 0.0, 0.0]
At time: 770.6553571670011  CPU usage: [13.0, 11.0, 5.0, 4.0, 1.0, 0.0, 0.0, 2.0, 1.0, 0.0]
At time: 771.6609341250005  CPU usage: [18.2, 16.3, 7.9, 4.0, 1.0, 2.0, 0.0, 0.0, 0.0, 0.0]
At time: 772.6650509169995  CPU usage: [9.2, 8.9, 3.0, 4.0, 2.0, 0.0, 1.0, 2.0, 0.0, 1.0]
At time: 773.6675336670014  CPU usage: [15.8, 11.0, 4.0, 7.0, 0.0, 0.0, 3.0, 7.9, 1.0, 1.0]
At time: 774.6731541670015  CPU usage: [16.2, 13.0, 6.1, 16.2, 3.0, 3.0, 6.0, 5.0, 4.0, 3.0]
At time: 775.6786659169993  CPU usage: [18.8, 15.2, 10.0, 9.1, 3.0, 4.0, 4.0, 8.9, 5.0, 3.0]
At time: 776.6842309579988  CPU usage: [14.1, 10.9, 5.0, 3.0, 2.0, 0.0, 3.0, 4.0, 4.0, 2.0]
At time: 777.6876002499994  CPU usage: [22.0, 17.2, 8.1, 6.9, 2.0, 3.0, 3.0, 5.0, 5.0, 2.0]
At time: 778.6932201669988  CPU usage: [27.0, 17.0, 9.0, 5.0, 3.0, 0.0, 3.0, 4.0, 3.0, 2.0]
At time: 779.6974864580006  CPU usage: [22.0, 19.0, 9.9, 5.0, 2.0, 2.0, 2.0, 3.0, 1.0, 1.0]
At time: 780.7031376250015  CPU usage: [11.0, 6.9, 3.0, 2.0, 0.0, 0.0, 0.0, 0.0, 0.0, 0.0]
At time: 781.7068448749997  CPU usage: [18.0, 18.2, 7.0, 4.0, 2.0, 1.0, 1.0, 2.0, 2.0, 1.0]
At time: 782.712499917001  CPU usage: [16.0, 11.9, 7.9, 5.0, 3.0, 2.0, 6.9, 8.0, 5.0, 5.1]
At time: 783.7182509170016  CPU usage: [28.3, 19.2, 11.9, 8.0, 5.0, 4.0, 14.0, 7.9, 5.9, 5.0]
At time: 784.7237925830013  CPU usage: [18.0, 13.0, 10.1, 5.9, 2.0, 1.0, 0.0, 1.0, 1.0, 1.0]
At time: 785.7294489999986  CPU usage: [10.9, 7.9, 5.0, 2.0, 3.0, 1.0, 2.0, 1.0, 0.0, 0.0]
At time: 786.7310243749998  CPU usage: [17.3, 10.1, 6.0, 3.0, 1.0, 0.0, 2.0, 4.0, 1.0, 0.0]
At time: 787.7324729169995  CPU usage: [12.0, 12.0, 3.0, 2.0, 2.0, 0.0, 0.0, 3.0, 0.0, 0.0]
At time: 788.7382707920005  CPU usage: [13.9, 11.1, 5.0, 1.0, 0.0, 0.0, 1.0, 3.0, 0.0, 0.0]
At time: 789.7439652079993  CPU usage: [15.0, 10.0, 3.1, 3.0, 1.0, 1.0, 1.0, 3.0, 0.0, 0.0]
At time: 790.7478507080014  CPU usage: [11.0, 8.0, 3.0, 1.0, 0.0, 0.0, 1.0, 1.0, 0.0, 0.0]
At time: 791.7535737079997  CPU usage: [6.9, 3.0, 2.0, 0.0, 0.0, 0.0, 0.0, 0.0, 0.0, 0.0]
At time: 792.7561325829993  CPU usage: [6.1, 5.0, 2.0, 2.0, 1.0, 0.0, 0.0, 0.0, 0.0, 0.0]
At time: 793.761930875  CPU usage: [13.0, 9.1, 3.0, 0.0, 0.0, 1.0, 0.0, 3.0, 0.0, 0.0]
At time: 794.7676972500012  CPU usage: [25.0, 16.2, 7.0, 3.0, 4.0, 1.0, 0.0, 4.9, 0.0, 0.0]
At time: 795.7733902920008  CPU usage: [13.0, 14.9, 5.0, 1.0, 1.0, 0.0, 1.0, 2.0, 0.0, 0.0]
At time: 796.7772578750009  CPU usage: [16.2, 10.0, 6.0, 2.0, 0.0, 0.0, 0.0, 3.0, 1.0, 0.0]
At time: 797.7829886250001  CPU usage: [14.9, 12.9, 4.0, 2.0, 1.0, 2.0, 1.0, 4.0, 0.0, 0.0]
At time: 798.7887786669999  CPU usage: [17.0, 10.1, 4.0, 1.0, 1.0, 0.0, 1.0, 7.0, 0.0, 0.0]
At time: 799.7899429169993  CPU usage: [10.1, 8.0, 3.0, 2.0, 0.0, 0.0, 0.0, 2.0, 0.0, 0.0]
At time: 800.7956542499996  CPU usage: [12.9, 11.0, 5.0, 0.0, 0.0, 0.0, 1.0, 3.0, 0.0, 0.0]
At time: 801.8013637500007  CPU usage: [17.0, 19.8, 4.0, 2.0, 1.0, 0.0, 0.0, 4.9, 0.0, 0.0]
At time: 802.807042417  CPU usage: [9.9, 5.9, 2.0, 2.0, 2.0, 0.0, 0.0, 1.0, 0.0, 0.0]
At time: 803.8127341250001  CPU usage: [14.1, 13.1, 3.0, 1.0, 1.0, 0.0, 0.0, 5.0, 0.0, 0.0]
At time: 804.8153363749989  CPU usage: [16.8, 16.0, 4.0, 2.0, 0.0, 0.0, 0.0, 5.0, 0.0, 0.0]
At time: 805.8210343749997  CPU usage: [8.9, 6.0, 3.0, 1.0, 0.0, 1.9, 2.0, 1.0, 2.0, 0.0]
At time: 806.8267093329996  CPU usage: [3.0, 3.0, 1.0, 1.0, 0.0, 0.0, 0.0, 0.0, 0.0, 0.0]
At time: 807.8311258329995  CPU usage: [6.0, 5.1, 3.0, 2.0, 2.0, 0.0, 4.0, 8.9, 1.0, 4.0]
At time: 808.8365851669987  CPU usage: [17.0, 13.9, 7.1, 3.0, 2.0, 1.0, 1.0, 2.0, 1.0, 0.0]
At time: 809.8423420830004  CPU usage: [15.8, 12.0, 5.9, 4.0, 1.0, 1.0, 1.0, 5.0, 0.0, 0.0]
At time: 810.8481400000019  CPU usage: [20.2, 13.0, 6.0, 3.0, 2.0, 0.0, 1.0, 6.9, 0.0, 0.0]
At time: 811.8537947500008  CPU usage: [13.0, 11.9, 5.0, 2.0, 0.0, 1.0, 0.0, 6.0, 0.0, 0.0]
At time: 812.8594104580006  CPU usage: [23.0, 17.2, 7.0, 2.0, 2.0, 1.0, 3.0, 11.9, 2.0, 0.0]
At time: 813.8650752079993  CPU usage: [11.0, 10.0, 3.0, 2.0, 0.0, 0.0, 0.0, 3.0, 1.0, 0.0]
At time: 814.8707204169987  CPU usage: [25.0, 16.2, 7.0, 3.0, 2.0, 1.0, 4.0, 10.1, 2.0, 2.0]
At time: 815.8763263330002  CPU usage: [15.0, 10.9, 3.0, 1.0, 0.0, 0.0, 1.0, 2.0, 0.0, 0.0]
At time: 816.8818514170016  CPU usage: [12.9, 9.0, 4.0, 1.0, 0.0, 0.0, 0.0, 3.0, 0.0, 1.0]
At time: 817.8873720420015  CPU usage: [30.6, 17.0, 11.0, 4.0, 3.0, 2.0, 7.0, 8.9, 3.0, 5.0]
At time: 818.8929815420015  CPU usage: [25.0, 15.8, 13.0, 6.9, 4.0, 3.0, 7.9, 7.0, 8.0, 5.9]
At time: 819.8985852500009  CPU usage: [22.0, 15.2, 10.0, 5.0, 3.0, 2.0, 2.0, 2.0, 1.0, 0.0]
At time: 820.9042417080018  CPU usage: [36.4, 32.0, 25.0, 20.0, 16.0, 14.9, 5.0, 5.0, 4.0, 5.0]
At time: 821.9098776669998  CPU usage: [24.0, 18.8, 11.9, 7.9, 5.9, 3.0, 7.0, 9.0, 10.0, 7.0]
At time: 822.9154018330009  CPU usage: [34.0, 22.4, 12.0, 7.0, 8.9, 2.0, 4.0, 4.0, 3.0, 2.0]
At time: 823.9210297919999  CPU usage: [12.0, 10.0, 8.0, 4.0, 0.0, 0.0, 0.0, 0.0, 0.0, 0.0]
At time: 824.9265173329986  CPU usage: [34.3, 23.8, 19.0, 7.0, 4.0, 4.0, 1.0, 3.0, 0.0, 1.0]
At time: 825.9319688329997  CPU usage: [22.8, 17.0, 10.9, 7.9, 3.0, 4.0, 1.0, 1.0, 1.0, 2.0]
At time: 826.9375693750007  CPU usage: [17.0, 14.1, 6.1, 3.0, 1.0, 1.0, 0.0, 0.0, 0.0, 0.0]
At time: 827.943068042001  CPU usage: [15.0, 12.0, 6.9, 3.0, 2.0, 0.0, 0.0, 0.0, 0.0, 0.0]
At time: 828.9486444169997  CPU usage: [10.0, 6.0, 5.0, 2.0, 1.0, 0.0, 0.0, 0.0, 0.0, 0.0]
At time: 829.9542874580002  CPU usage: [4.0, 3.0, 1.0, 0.0, 0.0, 0.0, 0.0, 0.0, 0.0, 0.0]
At time: 830.9563966669994  CPU usage: [5.0, 5.0, 1.0, 0.0, 0.0, 0.0, 0.0, 0.0, 0.0, 0.0]
At time: 831.9579686249999  CPU usage: [27.0, 19.2, 12.0, 7.0, 7.0, 4.0, 22.0, 29.0, 22.0, 25.3]
At time: 832.9605398749991  CPU usage: [70.4, 58.6, 50.5, 41.0, 37.0, 34.0, 84.8, 81.0, 84.0, 60.0]
At time: 833.9643707079995  CPU usage: [27.0, 15.8, 13.0, 5.0, 4.0, 2.0, 22.8, 91.0, 13.0, 9.0]
At time: 834.9696600419993  CPU usage: [27.6, 20.4, 11.0, 6.0, 5.9, 4.0, 30.6, 67.3, 35.4, 28.0]
At time: 835.9703492080007  CPU usage: [23.8, 17.0, 12.0, 7.1, 4.0, 3.0, 9.9, 13.1, 9.9, 6.9]
At time: 836.9756817080015  CPU usage: [30.0, 22.0, 16.8, 12.9, 6.9, 8.0, 19.0, 24.0, 16.8, 18.0]
At time: 837.9812935000009  CPU usage: [22.2, 20.0, 10.1, 7.9, 2.0, 2.0, 7.8, 8.9, 5.0, 6.0]
At time: 838.9867714169995  CPU usage: [14.9, 12.0, 7.0, 3.0, 2.0, 1.0, 1.0, 4.0, 2.0, 2.0]
At time: 839.9918827500005  CPU usage: [12.1, 11.9, 5.0, 4.0, 1.0, 0.0, 0.0, 0.0, 0.0, 0.0]
At time: 840.997644916999  CPU usage: [11.0, 7.1, 4.0, 3.0, 1.0, 0.0, 1.0, 1.0, 1.0, 1.0]
At time: 842.0031227079999  CPU usage: [8.0, 5.9, 3.0, 1.0, 1.0, 0.0, 1.0, 0.0, 0.0, 0.0]
At time: 843.0087635419986  CPU usage: [11.1, 11.0, 5.0, 3.0, 1.0, 1.0, 0.0, 0.0, 0.0, 0.0]
At time: 844.0144312919983  CPU usage: [14.1, 12.0, 4.1, 2.0, 0.0, 0.0, 12.0, 15.8, 15.2, 7.1]
At time: 845.0173257079987  CPU usage: [12.9, 9.1, 6.0, 2.0, 2.0, 1.0, 1.0, 4.0, 1.0, 1.0]
At time: 846.0229890420014  CPU usage: [11.1, 10.9, 5.9, 4.0, 2.0, 0.0, 0.0, 0.0, 0.0, 0.0]
At time: 847.0287012080007  CPU usage: [15.0, 11.1, 7.0, 5.0, 4.0, 2.0, 0.0, 0.0, 1.0, 0.0]
At time: 848.0344400829999  CPU usage: [10.0, 8.0, 3.0, 4.0, 1.0, 1.0, 4.0, 9.9, 4.0, 5.1]
At time: 849.0365857500001  CPU usage: [6.0, 5.9, 2.0, 1.0, 2.0, 0.0, 1.0, 1.0, 0.0, 0.0]
At time: 850.0422980830008  CPU usage: [25.3, 20.0, 14.0, 7.0, 5.0, 2.0, 8.9, 4.0, 1.0, 1.0]
At time: 851.0480217080003  CPU usage: [11.9, 9.1, 5.9, 3.0, 2.0, 0.0, 0.0, 0.0, 0.0, 0.0]
At time: 852.053770333001  CPU usage: [17.0, 15.0, 5.0, 5.0, 1.0, 2.0, 1.0, 3.0, 0.0, 0.0]
At time: 853.054965583  CPU usage: [32.3, 19.8, 11.0, 5.1, 3.9, 2.0, 7.9, 13.1, 6.0, 5.0]
At time: 854.0606428749998  CPU usage: [6.9, 7.1, 3.0, 2.0, 1.0, 0.0, 0.0, 0.0, 0.0, 0.0]
At time: 855.0662375419997  CPU usage: [5.0, 4.9, 2.0, 1.0, 0.0, 0.0, 0.0, 0.0, 0.0, 0.0]
At time: 856.0719416249995  CPU usage: [4.0, 3.0, 0.0, 0.0, 0.0, 0.0, 0.0, 0.0, 0.0, 0.0]
At time: 857.0730500829995  CPU usage: [5.0, 5.0, 2.0, 2.0, 1.0, 0.0, 0.0, 0.0, 0.0, 0.0]
At time: 858.078709458001  CPU usage: [9.1, 8.9, 5.0, 2.0, 1.0, 0.0, 0.0, 1.0, 0.0, 0.0]
At time: 859.0813897080006  CPU usage: [15.2, 16.0, 6.0, 4.0, 1.0, 0.0, 0.0, 1.0, 1.0, 0.0]
At time: 860.0871400830001  CPU usage: [5.0, 4.0, 1.0, 1.0, 1.0, 0.0, 0.0, 0.0, 0.0, 0.0]
At time: 861.092816291999  CPU usage: [9.9, 8.9, 4.0, 2.0, 0.0, 1.0, 0.0, 0.0, 0.0, 0.0]
At time: 862.0978782499988  CPU usage: [20.2, 13.0, 8.0, 6.0, 2.0, 2.0, 2.0, 2.0, 1.0, 1.0]
At time: 863.1035288329986  CPU usage: [17.8, 13.1, 8.1, 5.9, 4.9, 2.0, 3.0, 2.9, 2.9, 2.0]
At time: 864.1090686669995  CPU usage: [7.1, 6.9, 3.0, 1.0, 0.0, 0.0, 1.0, 1.0, 0.0, 1.0]
At time: 865.114790167001  CPU usage: [3.0, 2.0, 2.0, 1.0, 0.0, 0.0, 0.0, 0.0, 0.0, 0.0]
At time: 866.116768625001  CPU usage: [9.0, 7.1, 3.0, 3.0, 0.0, 0.0, 0.0, 0.0, 0.0, 0.0]
At time: 867.1225131669999  CPU usage: [12.1, 10.9, 8.9, 2.0, 1.0, 1.0, 3.0, 2.0, 2.0, 0.0]
At time: 868.1245506669984  CPU usage: [9.9, 6.0, 5.0, 2.0, 2.0, 1.0, 0.0, 1.0, 0.0, 0.0]
At time: 869.13021725  CPU usage: [9.0, 7.0, 4.0, 2.0, 0.0, 0.0, 3.0, 7.0, 5.0, 6.0]
At time: 870.1314608749999  CPU usage: [23.5, 20.2, 12.1, 8.0, 6.9, 5.0, 13.1, 17.2, 13.0, 12.9]
At time: 871.1342479170016  CPU usage: [40.0, 29.3, 22.0, 17.0, 12.1, 13.0, 61.4, 61.4, 54.0, 52.0]
At time: 872.1397367919999  CPU usage: [26.3, 22.0, 19.0, 10.9, 7.0, 6.0, 22.0, 16.0, 15.0, 9.1]
At time: 873.1411279169988  CPU usage: [30.3, 24.2, 16.2, 14.3, 10.1, 9.0, 27.0, 34.0, 34.3, 34.7]
At time: 874.142280832999  CPU usage: [23.2, 21.2, 11.9, 6.9, 3.0, 1.0, 0.0, 0.0, 0.0, 0.0]
At time: 875.1479402920013  CPU usage: [23.0, 18.0, 10.1, 7.0, 5.0, 4.0, 11.1, 10.2, 12.9, 11.9]
At time: 876.1499819169985  CPU usage: [28.0, 20.2, 14.9, 6.0, 5.0, 1.0, 3.0, 3.9, 1.0, 1.0]
At time: 877.1556324999983  CPU usage: [12.0, 9.9, 6.1, 5.9, 2.0, 2.0, 0.0, 0.0, 0.0, 0.0]
At time: 878.1613488750008  CPU usage: [14.9, 11.0, 5.0, 2.0, 1.0, 0.0, 0.0, 0.0, 0.0, 0.0]
At time: 879.165787124999  CPU usage: [8.1, 5.1, 2.0, 2.0, 1.0, 0.0, 0.0, 0.0, 0.0, 0.0]
At time: 880.1714524169984  CPU usage: [14.0, 11.9, 7.9, 3.0, 1.0, 0.0, 0.0, 0.0, 0.0, 0.0]
At time: 881.1737921249987  CPU usage: [10.0, 6.1, 5.0, 3.0, 2.0, 1.0, 0.0, 0.0, 0.0, 0.0]
At time: 882.1794211250017  CPU usage: [9.0, 12.9, 5.1, 3.0, 1.0, 2.0, 0.0, 0.0, 0.0, 0.0]
At time: 883.1825387499994  CPU usage: [22.2, 19.2, 9.9, 5.9, 5.0, 4.0, 14.9, 17.0, 13.9, 13.0]
At time: 884.1852312080009  CPU usage: [16.0, 10.0, 6.0, 3.0, 3.0, 2.9, 66.0, 57.0, 52.5, 57.0]
At time: 885.190738958001  CPU usage: [28.0, 19.0, 13.0, 6.9, 3.0, 3.0, 17.8, 23.8, 29.3, 16.0]
At time: 886.1961626670018  CPU usage: [17.2, 16.8, 9.0, 5.0, 2.0, 0.0, 8.0, 9.0, 4.0, 2.0]
At time: 887.2018325419995  CPU usage: [24.8, 23.2, 11.0, 7.0, 4.0, 0.0, 0.0, 1.0, 0.0, 0.0]
At time: 888.2065163330008  CPU usage: [28.3, 23.2, 15.0, 9.9, 5.0, 5.0, 3.9, 5.0, 2.0, 3.0]
At time: 889.212318124999  CPU usage: [16.2, 11.1, 7.0, 5.0, 3.0, 2.0, 2.0, 4.0, 3.0, 3.0]
At time: 890.2148642079992  CPU usage: [14.1, 13.9, 7.9, 5.0, 1.0, 0.0, 0.0, 0.0, 0.0, 0.0]
At time: 891.2169949999989  CPU usage: [10.0, 6.0, 3.0, 2.0, 0.0, 1.0, 1.0, 0.0, 0.0, 0.0]
At time: 892.2179184580018  CPU usage: [11.9, 4.0, 2.0, 1.0, 1.0, 1.0, 0.0, 0.0, 0.0, 0.0]
At time: 893.2209897920002  CPU usage: [7.1, 5.0, 2.0, 2.0, 1.0, 0.0, 11.0, 11.9, 6.0, 12.0]
At time: 894.2223888330009  CPU usage: [20.0, 15.2, 8.0, 4.0, 2.0, 1.0, 4.0, 3.0, 1.0, 2.0]
At time: 895.2280219169988  CPU usage: [13.1, 10.9, 6.0, 3.0, 3.0, 3.0, 0.0, 1.0, 0.0, 0.0]
At time: 896.2338287079983  CPU usage: [13.0, 9.1, 5.0, 4.0, 1.0, 1.0, 0.0, 0.0, 0.0, 0.0]
At time: 897.2395574580005  CPU usage: [14.9, 15.0, 6.9, 5.0, 3.0, 2.0, 7.0, 9.0, 5.9, 6.0]
At time: 898.2452711250007  CPU usage: [17.2, 15.8, 9.0, 5.9, 2.0, 0.0, 0.0, 1.0, 0.0, 0.0]
At time: 899.2480468329995  CPU usage: [24.2, 19.4, 7.1, 6.0, 2.0, 2.0, 23.0, 21.0, 9.9, 8.0]
At time: 900.2490203749985  CPU usage: [26.0, 18.0, 12.9, 5.0, 5.0, 2.0, 4.0, 7.0, 1.0, 3.0]
At time: 901.2546834579989  CPU usage: [23.0, 17.0, 14.0, 12.9, 11.0, 9.0, 1.0, 2.0, 0.0, 2.0]
At time: 902.2603845420017  CPU usage: [12.0, 12.0, 6.0, 2.0, 4.0, 0.0, 0.0, 0.0, 0.0, 0.0]
At time: 903.265874749999  CPU usage: [25.7, 21.0, 12.9, 9.9, 6.9, 8.8, 17.8, 18.2, 15.0, 18.8]
At time: 904.2715861670004  CPU usage: [53.5, 44.4, 35.4, 29.7, 24.0, 20.0, 89.1, 72.3, 82.0, 50.5]
At time: 905.2768848749984  CPU usage: [12.1, 9.9, 9.0, 3.0, 1.0, 1.0, 71.0, 20.8, 17.0, 25.0]
At time: 906.2821431250013  CPU usage: [17.2, 12.1, 8.9, 4.0, 3.0, 3.0, 34.0, 56.0, 32.7, 43.6]
At time: 907.2873996669987  CPU usage: [18.0, 12.0, 8.1, 5.0, 3.0, 2.0, 29.0, 35.4, 33.3, 25.3]
At time: 908.2902069580014  CPU usage: [14.1, 9.0, 5.0, 2.0, 1.0, 1.0, 18.8, 23.8, 17.8, 15.7]
At time: 909.2958469170007  CPU usage: [14.0, 16.2, 7.9, 5.0, 1.0, 1.0, 3.0, 4.0, 1.0, 2.0]
At time: 910.2966847919997  CPU usage: [10.0, 10.1, 6.0, 2.0, 2.0, 0.0, 0.0, 0.0, 0.0, 0.0]
At time: 911.3023233329986  CPU usage: [9.1, 8.0, 4.0, 3.0, 0.0, 0.0, 0.0, 0.0, 0.0, 0.0]
At time: 912.3045396669986  CPU usage: [12.0, 9.0, 5.0, 2.0, 2.0, 2.0, 0.0, 0.0, 0.0, 0.0]
At time: 913.3101874169988  CPU usage: [14.0, 12.9, 5.0, 5.0, 1.0, 0.0, 1.0, 1.0, 0.0, 0.0]
At time: 914.3144019579995  CPU usage: [14.1, 11.1, 6.9, 4.0, 5.9, 0.0, 0.0, 1.0, 0.0, 0.0]
At time: 915.3170508750009  CPU usage: [17.2, 13.0, 7.1, 4.0, 1.0, 2.0, 0.0, 0.0, 0.0, 0.0]
At time: 916.3228127500006  CPU usage: [10.9, 9.0, 3.0, 2.0, 0.0, 0.0, 1.0, 1.0, 1.0, 0.0]
At time: 917.3285364580006  CPU usage: [8.1, 6.9, 3.0, 3.0, 2.0, 0.0, 0.0, 0.0, 0.0, 0.0]
At time: 918.3342563750011  CPU usage: [19.0, 16.2, 10.0, 7.0, 5.0, 3.0, 3.0, 9.9, 3.0, 5.0]
At time: 919.3398145829997  CPU usage: [9.9, 7.0, 3.0, 1.0, 1.0, 0.0, 0.0, 0.0, 0.0, 0.0]
At time: 920.34545325  CPU usage: [5.0, 3.0, 1.0, 1.0, 0.0, 0.0, 0.0, 0.0, 0.0, 0.0]
At time: 921.3511905000014  CPU usage: [15.0, 11.0, 6.1, 5.1, 1.0, 1.0, 2.0, 2.0, 1.0, 0.0]
At time: 922.3567334580002  CPU usage: [18.0, 13.0, 7.9, 5.0, 2.0, 0.0, 0.0, 0.0, 0.0, 0.0]
At time: 923.3625686669984  CPU usage: [13.0, 10.0, 7.0, 4.0, 2.0, 2.0, 3.0, 5.9, 3.0, 3.0]
At time: 924.3683047080012  CPU usage: [8.0, 6.0, 3.0, 1.0, 1.0, 0.0, 0.0, 0.0, 0.0, 0.0]
At time: 925.3712592500015  CPU usage: [17.2, 14.1, 7.0, 5.1, 1.0, 0.0, 0.0, 0.0, 0.0, 0.0]
At time: 926.3769748330014  CPU usage: [14.9, 11.0, 6.0, 4.0, 2.0, 1.0, 0.0, 1.0, 0.0, 0.0]
At time: 927.3825634579989  CPU usage: [28.0, 19.2, 13.0, 10.0, 9.0, 8.9, 69.0, 72.7, 72.0, 44.0]
At time: 928.3849208749998  CPU usage: [17.3, 14.0, 9.9, 4.0, 2.0, 2.0, 33.7, 38.6, 40.0, 22.8]
At time: 929.3902028330012  CPU usage: [40.4, 32.0, 22.2, 16.0, 14.9, 8.0, 54.5, 65.0, 50.5, 40.0]
At time: 930.3940093749989  CPU usage: [26.3, 17.2, 8.1, 3.0, 2.0, 1.0, 72.3, 71.0, 65.0, 58.0]
At time: 931.3990738329994  CPU usage: [16.0, 13.0, 7.0, 2.0, 1.0, 2.0, 26.3, 26.3, 29.0, 23.0]
At time: 932.4046123750013  CPU usage: [13.9, 8.9, 8.0, 3.0, 3.0, 1.0, 1.0, 2.9, 0.0, 0.0]
At time: 933.4102439999988  CPU usage: [10.1, 11.9, 5.9, 2.0, 2.0, 2.0, 3.0, 4.0, 1.0, 1.0]
At time: 934.4158641670001  CPU usage: [17.2, 10.1, 5.0, 3.0, 2.0, 1.0, 9.9, 11.9, 6.0, 4.0]
At time: 935.4207216670002  CPU usage: [14.0, 8.9, 5.9, 4.0, 2.0, 2.0, 2.0, 2.0, 3.0, 2.0]
At time: 936.4263846249996  CPU usage: [19.2, 10.1, 6.0, 4.0, 3.0, 1.0, 29.7, 37.3, 28.3, 31.7]
At time: 937.4318217500004  CPU usage: [18.8, 13.0, 6.0, 5.9, 3.0, 2.0, 5.0, 10.0, 5.9, 3.0]
At time: 938.4374879579991  CPU usage: [24.2, 22.0, 11.0, 6.0, 5.9, 5.0, 17.0, 21.8, 17.8, 19.8]
At time: 939.4432217499998  CPU usage: [8.9, 7.9, 5.0, 2.0, 0.0, 1.0, 0.0, 0.0, 0.0, 0.0]
At time: 940.4489744999992  CPU usage: [9.0, 7.0, 3.0, 2.0, 0.0, 0.0, 0.0, 0.0, 0.0, 0.0]
At time: 941.4518072499995  CPU usage: [12.1, 8.0, 3.0, 0.0, 1.0, 0.0, 3.0, 5.0, 2.0, 2.0]
At time: 942.4541168329997  CPU usage: [16.8, 8.1, 5.0, 2.0, 2.0, 1.0, 3.0, 6.0, 3.0, 2.0]
At time: 943.4597627920011  CPU usage: [10.0, 8.0, 2.0, 2.0, 1.0, 1.0, 3.0, 7.8, 3.0, 3.0]
At time: 944.4651144169984  CPU usage: [19.0, 13.9, 5.0, 3.9, 3.0, 2.0, 4.0, 4.0, 3.0, 2.0]
At time: 945.4707792920017  CPU usage: [8.1, 6.9, 4.0, 1.0, 0.0, 0.0, 0.0, 0.0, 0.0, 0.0]
At time: 946.4755877499992  CPU usage: [23.0, 14.1, 9.9, 5.0, 6.0, 2.0, 10.1, 9.0, 7.8, 6.0]
At time: 947.481563917001  CPU usage: [14.9, 11.0, 5.1, 3.0, 2.0, 2.0, 6.9, 9.0, 5.1, 6.0]
At time: 948.4826374170007  CPU usage: [24.2, 13.0, 9.0, 5.0, 3.0, 2.0, 13.0, 13.9, 7.8, 5.0]
At time: 949.4882813330005  CPU usage: [20.2, 18.0, 12.0, 8.0, 4.0, 4.0, 0.0, 5.1, 0.0, 0.0]
At time: 950.4890449580016  CPU usage: [19.0, 15.2, 8.9, 4.0, 4.0, 0.0, 5.0, 10.9, 3.0, 2.0]
At time: 951.4945920829996  CPU usage: [21.0, 21.8, 7.1, 5.1, 2.0, 2.0, 6.9, 7.8, 5.0, 4.0]
At time: 952.5001901249998  CPU usage: [21.0, 13.1, 7.9, 6.9, 2.0, 1.0, 8.9, 10.1, 5.0, 5.0]
At time: 953.5059077080004  CPU usage: [11.0, 10.0, 6.9, 2.0, 0.0, 0.0, 0.0, 0.0, 0.0, 0.0]
At time: 954.5115753749997  CPU usage: [11.9, 9.1, 3.0, 1.0, 1.0, 1.0, 0.0, 0.0, 0.0, 0.0]
At time: 955.5172728329999  CPU usage: [10.0, 9.8, 3.0, 2.0, 0.0, 0.0, 0.0, 0.0, 0.0, 0.0]
At time: 956.5229599580016  CPU usage: [18.2, 14.1, 10.8, 5.0, 2.0, 2.0, 0.0, 0.0, 0.0, 0.0]
At time: 957.5284540419998  CPU usage: [19.0, 14.1, 7.1, 5.1, 5.0, 1.0, 0.0, 0.0, 0.0, 0.0]
At time: 958.5340249170004  CPU usage: [13.0, 10.0, 4.0, 3.0, 1.0, 1.0, 0.0, 0.0, 0.0, 1.0]
At time: 959.5397280830002  CPU usage: [7.9, 6.9, 4.0, 2.0, 1.0, 1.0, 0.0, 2.0, 0.0, 0.0]
At time: 960.5454518750012  CPU usage: [14.1, 12.1, 7.0, 4.0, 1.0, 0.0, 0.0, 0.0, 0.0, 0.0]
At time: 961.5511341249985  CPU usage: [7.0, 5.0, 3.0, 2.0, 2.0, 1.0, 0.0, 0.0, 0.0, 0.0]
At time: 962.5566484580013  CPU usage: [7.8, 5.0, 2.0, 1.0, 0.0, 0.0, 0.0, 0.0, 0.0, 0.0]
At time: 963.5623424580008  CPU usage: [8.1, 6.1, 3.0, 3.0, 2.0, 1.0, 0.0, 0.0, 0.0, 0.0]
At time: 964.5652306670017  CPU usage: [8.0, 7.9, 4.0, 2.0, 0.0, 0.0, 0.0, 1.0, 0.0, 0.0]
At time: 965.5706928330001  CPU usage: [10.0, 8.0, 4.0, 4.0, 2.0, 1.0, 1.0, 2.0, 2.0, 0.0]
At time: 966.5759732920014  CPU usage: [2.0, 2.0, 0.0, 0.0, 0.0, 1.0, 0.0, 0.0, 0.0, 0.0]
At time: 967.5816747079989  CPU usage: [7.0, 6.0, 4.0, 3.0, 1.0, 0.0, 5.9, 9.9, 4.0, 3.0]
At time: 968.5873519999986  CPU usage: [12.0, 10.0, 5.1, 4.0, 2.0, 1.0, 1.0, 0.0, 0.0, 1.0]
At time: 969.5930435000009  CPU usage: [8.0, 5.0, 3.0, 2.0, 2.0, 0.0, 18.0, 12.9, 17.0, 8.0]
At time: 970.598466667001  CPU usage: [11.0, 11.0, 5.9, 4.0, 3.0, 3.0, 15.8, 36.0, 22.0, 31.7]
At time: 971.6041915829992  CPU usage: [12.1, 9.9, 4.0, 3.0, 1.0, 0.0, 2.0, 11.0, 0.0, 0.0]
At time: 972.6070175419991  CPU usage: [8.0, 7.0, 3.0, 3.0, 2.0, 1.0, 7.0, 7.0, 34.7, 5.0]
At time: 973.6127954580006  CPU usage: [7.9, 5.0, 3.0, 5.0, 0.0, 0.0, 0.0, 0.0, 0.0, 0.0]
At time: 974.6184386669993  CPU usage: [3.0, 2.0, 0.0, 0.0, 0.0, 1.0, 0.0, 0.0, 0.0, 0.0]
At time: 975.6240703330004  CPU usage: [3.0, 4.0, 1.0, 0.0, 0.0, 0.0, 0.0, 0.0, 0.0, 0.0]
At time: 976.625074042  CPU usage: [3.0, 2.0, 1.0, 1.0, 0.0, 0.0, 0.0, 0.0, 0.0, 0.0]
At time: 977.6306816249999  CPU usage: [9.0, 6.9, 2.0, 4.0, 1.0, 0.0, 1.0, 9.9, 0.0, 0.0]
At time: 978.6350998749986  CPU usage: [23.2, 18.2, 9.0, 5.0, 4.0, 3.0, 32.3, 32.0, 30.7, 28.3]
At time: 979.6406646249998  CPU usage: [21.0, 19.8, 13.0, 10.0, 7.0, 4.0, 7.9, 8.0, 3.0, 4.0]
At time: 980.6461827499988  CPU usage: [13.1, 16.0, 9.9, 7.9, 6.0, 5.0, 0.0, 0.0, 2.0, 0.0]
At time: 981.6495999580002  CPU usage: [7.9, 11.0, 2.0, 5.0, 1.0, 0.0, 0.0, 0.0, 0.0, 0.0]
At time: 982.6552554580012  CPU usage: [4.0, 2.0, 1.0, 0.0, 0.0, 0.0, 0.0, 2.0, 0.0, 0.0]
At time: 983.6609315419992  CPU usage: [5.0, 5.0, 2.0, 2.0, 0.0, 1.0, 0.0, 0.0, 0.0, 0.0]
At time: 984.6665787080019  CPU usage: [5.9, 3.0, 0.0, 0.0, 0.0, 0.0, 0.0, 0.0, 0.0, 0.0]
At time: 985.6722128750007  CPU usage: [20.0, 19.0, 9.0, 5.9, 4.0, 2.0, 8.9, 12.1, 9.0, 8.9]
At time: 986.677571917  CPU usage: [25.5, 18.0, 12.9, 11.1, 4.0, 3.0, 11.0, 11.0, 9.0, 12.0]
At time: 987.6832286249992  CPU usage: [13.9, 12.1, 8.0, 4.0, 1.0, 1.0, 0.0, 0.0, 0.0, 0.0]
At time: 988.6888868749993  CPU usage: [6.0, 7.9, 2.0, 1.0, 0.0, 0.0, 0.0, 0.0, 0.0, 0.0]
At time: 989.6903539999985  CPU usage: [8.0, 5.9, 4.0, 1.0, 0.0, 1.0, 0.0, 1.0, 0.0, 0.0]
At time: 990.6960736670007  CPU usage: [7.0, 8.0, 6.0, 4.0, 3.9, 2.0, 0.0, 0.0, 0.0, 0.0]
At time: 991.7017246670002  CPU usage: [9.0, 5.0, 2.0, 0.0, 0.0, 0.0, 1.0, 0.0, 0.0, 0.0]
At time: 992.7074240830007  CPU usage: [10.0, 9.0, 5.0, 4.0, 2.0, 2.0, 2.0, 4.0, 2.0, 1.0]
At time: 993.7111478750012  CPU usage: [11.0, 6.0, 2.0, 0.0, 1.0, 0.0, 3.0, 1.0, 0.0, 0.0]
At time: 994.7168190420016  CPU usage: [21.8, 16.2, 9.1, 9.9, 4.0, 3.0, 9.0, 8.9, 5.9, 6.0]
At time: 995.7222500419994  CPU usage: [27.3, 21.8, 12.9, 4.0, 2.0, 0.0, 2.0, 2.0, 1.0, 1.0]
At time: 996.7279090830016  CPU usage: [18.0, 17.0, 10.9, 10.9, 8.9, 5.9, 0.0, 0.0, 0.0, 0.0]
At time: 997.7336033329993  CPU usage: [9.9, 8.0, 2.0, 1.0, 0.0, 0.0, 0.0, 0.0, 0.0, 0.0]
At time: 998.7392657499986  CPU usage: [11.0, 10.9, 4.0, 2.0, 0.0, 0.0, 1.0, 2.0, 1.0, 0.0]
At time: 999.7449109580011  CPU usage: [16.0, 13.0, 8.0, 4.0, 2.0, 2.0, 2.0, 5.9, 1.0, 1.0]
At time: 1000.7497947920019  CPU usage: [18.2, 12.1, 5.0, 2.0, 1.0, 1.0, 4.0, 10.9, 2.0, 2.9]
At time: 1001.7555673749994  CPU usage: [20.0, 14.0, 6.1, 3.9, 3.0, 1.0, 13.9, 15.0, 12.9, 12.0]
At time: 1002.761330958001  CPU usage: [15.0, 11.9, 5.9, 6.0, 2.9, 2.0, 4.0, 4.0, 4.0, 4.0]
At time: 1003.7670431250008  CPU usage: [8.0, 8.0, 5.0, 1.0, 0.0, 0.0, 0.0, 0.0, 0.0, 0.0]
